data/san_antonio/dem3.asc
ncols         844
nrows         477
xllcorner     782139.67535907
yllcorner     4079773.4429045
cellsize      3.4357867528787
NODATA_value  -9999
[rows 84 to 111 of 477, columns 189 to 251 of 844]
17.51848 17.57087 17.22813 17.20554 17.27791 17.22225 17.35966 16.89513 16.94144 17.07242 17.48215 17.48069 17.27499 17.08935 16.98603 17.44419 17.31332 17.18721 17.21086 17.28765 17.31824 17.3039 17.20185 17.12882 17.23234 17.43303 17.41742 17.37437 17.40933 17.06807 17.08024 17.27748 17.30135 17.10585 16.97456 17.21201 17.35461 17.37512 17.07424 17.00146 17.10152 17.15648 16.84634 16.70842 17.18583 17.18415 17.1396 17.16545 17.21449 17.27013 17.11623 16.91831 16.92782 17.07293 17.23439 17.38321 17.27989 17.31516 16.89617 17.04197 17.24139 17.25023 17.39189
17.48825 17.59532 17.38035 17.26343 17.15549 17.12759 17.35049 17.32723 17.22828 17.41937 17.62121 17.58579 17.40208 17.11659 17.20158 17.23484 17.2434 17.18169 17.06289 17.13435 17.21128 17.31944 17.08214 17.06675 17.46646 17.48991 17.45664 17.41552 17.32491 17.11834 16.97022 17.11444 17.33809 17.2443 16.84159 17.04141 17.18965 17.32483 17.28917 17.14874 17.02954 17.14725 17.05432 16.68939 17.34771 17.39542 17.41924 17.43973 17.19617 17.24336 17.14227 17.00816 16.99806 17.07343 17.23715 17.01982 17.06256 17.34227 16.83522 17.10013 17.14969 17.08398 17.31206
17.72775 17.61745 17.14248 17.12016 17.14694 17.28148 17.39505 17.1561 17.4042 17.69918 17.64655 17.53679 17.25181 17.30667 17.23586 17.23964 17.16128 17.3963 17.40633 17.36598 17.40092 17.45212 17.25587 17.39267 17.61235 17.488 17.56014 17.49683 17.39426 17.20754 17.07003 16.95788 17.18158 17.39412 17.01101 16.94943 17.17299 17.37737 17.23904 17.14608 16.95608 17.02206 17.24991 17.37463 17.42197 17.21434 17.27839 17.32604 17.14594 17.25854 17.3195 17.2519 17.20716 17.16783 17.16028 17.03311 17.09954 17.33337 17.33623 17.16381 17.19864 17.19164 17.2049
17.35985 17.61416 17.05899 16.96026 16.98955 17.43061 17.15277 17.09543 17.51007 17.5694 17.60455 17.61949 17.43461 17.35516 17.52446 17.27376 17.10605 17.27885 17.43087 17.561 17.65993 17.61901 17.47185 17.65603 17.51181 17.4628 17.53781 17.40265 17.28948 17.11045 17.1763 17.15927 17.13548 17.30681 17.21694 17.03486 17.17809 17.426 17.32549 17.16032 17.11371 17.0625 17.20502 17.40322 17.03402 17.08913 17.15985 17.09795 16.96879 17.10283 17.16459 17.37465 17.35095 17.31862 17.25783 16.9309 16.89542 17.19107 17.39127 17.33866 17.29008 17.32604 17.30537
17.67127 17.55624 17.37935 17.199 17.09587 17.67662 17.4859 17.45288 17.30076 17.28955 17.54152 17.63083 17.55714 17.55974 17.54201 17.21515 17.34023 17.4766 17.60988 17.60595 17.62962 17.5569 17.52807 17.54001 17.49027 17.51664 17.56248 17.4526 17.13722 17.06055 17.18425 17.19328 17.01061 17.26886 17.25023 17.21336 17.25881 17.3489 17.38146 17.23348 17.24631 17.21432 17.09588 17.2057 17.16092 17.03748 17.03408 17.00602 17.09472 17.12589 17.08799 16.96479 17.33222 17.20314 17.09412 16.82533 16.67211 16.99463 17.37494 17.38434 17.2966 17.44213 17.46251
17.60312 17.58795 17.59816 17.4917 17.32145 17.44741 17.41736 17.25863 17.25614 17.27169 17.39843 17.54982 17.51102 17.42067 17.41096 17.21991 17.45509 17.50085 17.55148 17.52677 17.42355 17.40418 17.39691 17.48849 17.50023 17.2575 17.45401 17.4395 17.35495 17.27621 17.14986 17.35921 17.1976 17.24086 17.19798 17.35465 17.2326 17.08561 17.06285 17.19439 17.30083 17.20301 16.96448 17.15417 17.22332 17.1679 17.16022 17.10645 17.13537 17.14554 17.16876 17.02672 17.33266 17.07617 16.65369 16.74377 16.82423 16.98223 17.15443 17.3467 17.41767 17.31821 17.37299
17.77774 17.86431 17.87882 17.72655 17.48193 17.39571 17.318 17.17162 17.28117 17.19503 16.97433 17.56427 17.64373 17.61956 17.20894 17.4456 17.51868 17.53847 17.53214 17.40914 17.24047 17.32389 17.31564 17.54296 17.58971 17.47379 17.56691 17.47867 17.42024 17.36709 17.36523 17.42841 17.34897 17.36267 17.39471 17.3578 17.18578 16.89198 16.98122 17.15776 17.24327 17.23558 17.27801 17.32483 17.1611 17.06704 17.01709 17.04298 17.04977 17.05175 17.3049 17.24782 17.3763 17.34317 17.1071 17.02106 16.94809 16.92056 17.03695 17.44374 17.49158 17.44716 17.38131
17.95179 17.85979 17.90313 17.87552 17.79149 17.36837 17.43145 17.28973 17.32821 17.26604 17.51036 17.70012 17.68962 17.68531 17.54976 17.55378 17.75947 17.52427 17.40307 16.96546 17.42308 17.48565 17.45456 17.50261 17.51454 17.5068 17.52979 17.52287 17.41936 17.38085 17.46462 17.47246 17.13579 17.40472 17.586 17.59336 17.14506 17.15625 16.94531 16.97579 17.05337 17.08457 17.06461 17.19898 17.24345 17.09511 17.02024 16.99894 16.97384 17.36822 17.42207 17.34368 17.0486 17.29977 17.32154 17.24769 17.18329 17.08595 17.34105 17.53946 17.48894 17.35278 17.41351
18.012 17.79786 18.00909 17.81372 17.47395 17.3992 17.54815 17.64597 17.63801 17.67308 17.76065 17.70554 17.64512 17.63825 17.68492 17.70022 17.51618 17.03581 17.21799 17.0384 17.38328 17.46061 17.52496 17.57431 17.56409 17.48992 17.44767 17.43433 17.43333 17.42676 17.43486 17.44497 17.55948 17.5612 17.49966 17.57657 17.38161 17.39024 17.06143 16.90605 16.96028 17.02037 16.90488 17.01114 17.13703 17.26697 17.09679 17.14583 17.25787 17.38251 17.33818 17.3719 17.11842 17.16836 17.18757 17.28989 17.3185 17.07982 16.83639 17.09912 17.15746 17.24301 17.33329
17.9569 17.74621 17.97808 17.95491 17.76134 17.70171 17.75664 17.80354 17.84441 17.9976 17.95795 17.80607 17.59504 17.62715 17.65032 17.58079 17.44325 17.44982 17.30121 17.50326 17.56612 17.54422 17.52934 17.57422 17.56885 17.48793 17.47719 17.40981 17.47092 17.43336 17.43285 17.41887 17.43706 17.48893 17.42209 17.33608 17.27441 17.25724 17.17921 16.91709 16.98239 17.24387 17.16359 16.98195 17.33471 17.21519 17.16401 17.06851 17.37014 17.36175 17.30253 17.27693 17.34477 17.08847 17.25064 17.45363 17.44192 17.22849 16.84383 16.97108 16.98245 17.10922 17.21617
18.05898 17.96287 17.97038 18.00747 17.93953 17.89911 17.94287 17.89934 17.9575 18.0372 18.05779 17.9289 17.80487 17.77737 17.68904 17.60114 17.6903 17.74977 17.60967 17.60422 17.59604 17.60093 17.57982 17.52802 17.32514 17.5146 17.30536 17.02963 17.16951 17.37851 17.4364 17.39514 17.11121 17.0605 17.17548 16.92676 17.18031 17.49993 17.28805 17.14499 17.10801 17.2864 17.36372 17.33273 17.37641 17.36248 17.44551 17.02204 17.05106 17.31564 17.12577 16.93422 17.28533 17.27184 17.26228 17.38491 17.3379 17.32653 17.16101 16.99465 16.81764 16.9294 17.05515
18.18506 18.05861 17.94737 17.99349 17.97961 17.99198 17.9993 17.94544 17.94927 18.08672 17.99975 18.00493 17.93493 17.87046 17.81655 17.84053 17.80503 17.75507 17.69628 17.69408 17.63016 17.62074 17.59859 17.55499 17.4846 17.48386 17.40331 17.37056 16.98963 17.2757 17.48373 17.3647 17.08096 17.03539 17.07454 17.04548 17.15998 17.41879 17.49288 17.22304 17.08439 17.01476 16.84579 17.3489 17.28905 17.45833 17.54464 17.54202 17.39357 17.49051 17.27755 17.07751 17.09045 17.18467 17.28202 17.37403 17.31187 16.74054 16.92965 17.24818 16.81739 16.95595 17.13354
18.11588 17.87665 18.07504 18.01382 18.01466 17.99002 17.98126 18.01885 18.02174 18.02126 18.04703 18.07541 18.0858 18.00196 17.97593 17.98053 17.81836 17.84159 17.82446 17.80398 17.65793 17.70238 17.71746 17.6806 17.5799 17.56602 17.42751 17.60161 17.54164 17.41682 17.51222 17.49558 17.502 17.31763 17.18185 17.27095 17.27343 17.18464 17.56186 17.45566 17.20289 16.96141 16.68823 17.13092 17.29782 17.27701 17.23644 17.50412 17.52887 17.47709 17.26603 17.06546 17.21054 17.04568 17.15797 17.38893 17.18985 16.79205 17.08206 17.34501 17.08256 17.11721 17.23197
18.12271 18.12564 18.20542 18.08761 18.0535 18.06751 18.02081 17.96847 17.97265 18.00935 18.07043 18.13592 18.11429 18.12393 18.14406 18.06846 17.89633 18.04326 17.96895 17.83125 17.66385 17.73608 17.74139 17.59768 17.60651 17.35302 17.42237 17.58179 17.38618 17.42603 17.64834 17.52854 17.55272 17.44583 17.23311 17.54341 17.54168 17.31739 17.54949 17.51573 17.46547 17.3081 17.12664 17.0772 17.19288 17.14776 17.29162 17.51721 17.43277 17.37963 17.45162 17.48443 17.55728 17.12037 17.26099 17.47104 17.04869 16.95234 17.05524 17.44568 17.62849 17.27925 17.31713
18.09183 18.05616 18.1932 18.09895 18.10211 18.0938 17.91942 17.97929 17.95619 18.05939 18.0584 18.09816 18.10667 18.21592 18.21414 18.10997 18.04043 18.00967 17.96003 17.81221 17.79231 17.87196 17.74096 17.60633 17.73942 17.56285 17.68808 17.71477 17.66327 17.4552 17.57216 17.4576 17.58352 17.60924 17.71338 17.69197 17.60281 17.61316 17.48681 17.58255 17.55994 17.50703 17.50284 17.39296 17.26759 17.16913 17.40101 17.45983 17.39484 17.10164 17.14562 17.35429 17.45374 17.58518 17.60429 17.47799 17.39866 17.0502 17.2945 17.49611 17.53204 17.35344 17.49402
18.11605 18.11416 18.10966 18.12073 18.11817 18.14102 18.04708 18.07165 18.04746 18.18772 18.11716 18.13146 18.15955 18.17091 18.15143 18.08668 18.07239 18.04121 17.98403 17.93777 18.04518 18.00679 17.95347 17.8888 17.84858 17.87717 17.83093 17.78097 17.73739 17.68972 17.65026 17.4763 17.4819 17.61802 17.64788 17.65534 17.58134 17.55976 17.55683 17.59835 17.654 17.55507 17.61424 17.57338 17.53818 17.33281 17.55277 17.52694 17.45409 17.24732 17.18591 17.35966 17.45617 17.19018 17.42596 17.25957 16.99944 16.97484 17.21449 17.47236 17.34265 17.19317 17.5373
18.25388 18.15802 18.09556 18.15229 18.15218 18.12475 18.13434 18.12196 18.08819 18.21609 18.21518 18.24274 18.19112 18.23197 18.21619 18.22932 18.23358 18.07945 18.06468 18.10617 18.2008 18.29986 18.28061 18.04226 17.87879 17.89451 17.94503 17.92193 17.83325 17.78983 17.72534 17.42373 17.63329 17.58126 17.51746 17.16483 16.91607 17.3508 17.44542 17.6839 17.64105 17.40541 17.55684 17.48734 17.16124 17.1969 17.56487 17.58854 17.53419 17.36685 17.18751 17.43985 17.57788 17.43192 17.35116 17.24911 17.13077 17.04167 16.95498 17.29631 17.19634 17.25272 17.46572
18.16732 18.20951 18.20103 18.04097 18.15384 18.19681 18.18372 18.20386 18.25926 18.26143 18.28539 18.29713 18.27579 18.29799 18.33107 18.31012 18.24702 18.18585 18.18567 18.23096 18.43645 18.43552 18.36412 18.26958 18.02429 18.00023 17.98708 17.93232 17.87126 17.85371 17.78255 17.70493 17.61259 17.55075 17.2382 16.84561 17.12812 17.16031 17.30028 17.27888 17.47956 17.54049 17.58646 16.92351 16.94506 16.98853 17.25712 17.64954 17.59316 17.4588 17.23757 17.49979 17.26801 17.41112 17.25112 17.2497 17.25602 17.15679 17.14489 17.30907 17.37798 17.51115 17.53826
18.25425 18.21881 18.29623 18.09791 18.16725 18.20345 18.19732 18.20827 18.3224 18.34986 18.41928 18.35678 18.34564 18.35486 18.20846 18.26388 18.34101 18.23988 18.32445 18.40316 18.53375 18.49724 18.42587 18.41678 18.13646 18.08389 18.02386 17.90008 17.90908 17.85652 17.83142 17.71216 17.65806 17.49967 17.0722 17.20068 17.43744 17.42928 17.45881 17.37606 17.4763 17.43018 17.58651 17.18985 17.05744 17.11114 17.11153 17.65212 17.67792 17.56478 17.53823 17.56562 17.39351 17.43612 17.35515 17.43712 17.42468 17.41817 17.44221 17.13252 17.58041 17.50033 17.54342
18.13381 18.51701 18.26371 18.30665 18.06505 18.32782 18.3005 18.31305 18.29168 18.33149 18.40459 18.38923 18.31966 18.36614 18.36414 18.39751 18.43493 18.43713 18.45735 18.62046 18.54655 18.56633 18.45981 18.43887 18.18807 18.07281 18.04001 17.99361 17.95104 17.81478 17.75523 17.73655 17.46176 17.44687 17.35079 17.49273 17.54767 17.53596 17.58572 17.57982 17.54373 17.22356 17.56781 17.67975 17.66196 17.57622 17.6326 17.70303 17.71604 17.69917 17.65011 17.62653 17.6359 17.64608 17.56202 17.69551 17.62213 17.66815 17.49656 17.5045 17.60213 17.5124 17.53488
18.31955 18.48447 18.27671 18.44261 18.41017 18.41123 18.33776 18.40437 18.46707 18.51295 18.35629 18.40243 18.53988 18.4019 18.40862 18.46142 18.47592 18.50957 18.64121 18.77851 18.68725 18.68428 18.61577 18.54684 18.41932 18.16736 18.12355 18.01144 17.92677 17.79759 17.74929 17.70943 17.17865 17.31384 17.36085 17.51277 17.57096 17.54935 17.4252 17.54654 17.44322 17.1298 17.69917 17.75365 17.70989 17.75005 17.41697 17.67147 17.81237 17.8211 17.78017 17.70049 17.69231 17.72372 17.6508 17.64547 17.74017 17.72397 17.28001 17.44239 17.5718 17.525 17.43862
18.47003 18.39376 18.26878 18.39099 18.38541 18.18204 18.34964 18.46902 18.58311 18.56508 18.43045 18.40989 18.39527 18.42036 18.3963 18.44607 18.44113 18.60483 18.64416 18.75357 18.82543 18.71724 18.63506 18.51385 18.46541 18.27915 18.18024 18.07019 17.97908 17.92197 17.7995 17.69705 17.3827 17.36991 17.44486 17.43249 17.57268 17.45166 17.19512 17.3452 17.39057 17.39995 17.2751 17.70869 17.75046 17.77192 17.59435 17.76866 17.78381 17.58044 17.60249 17.65992 17.68972 17.71746 17.44828 17.61499 17.5695 17.37192 17.16374 17.54129 17.64171 17.50346 17.2387
18.72457 18.39506 18.27314 18.41353 18.32588 18.28835 18.38882 18.59159 18.69224 18.6486 18.53534 18.50386 18.48223 18.44528 18.39742 18.3903 18.40511 18.53213 18.67673 18.69494 18.75196 18.75759 18.68981 18.56536 18.55483 18.32027 18.25708 18.13314 18.08498 18.05386 17.94696 17.8633 17.67609 17.56363 17.51981 17.4349 17.52457 17.40031 17.38337 17.59547 17.42431 17.31008 17.29526 17.6651 17.67266 17.63041 17.67043 17.61129 17.66466 17.51499 17.27223 17.66184 17.54135 17.64083 17.40476 17.41182 17.29577 17.2643 17.28812 17.58911 17.61159 17.35323 17.31177
18.62258 18.53422 18.3368 18.45161 18.29657 18.36118 18.3819 18.67155 18.72998 18.62074 18.53217 18.53456 18.52321 18.46221 18.4799 18.50225 18.49234 18.47497 18.62004 18.66655 18.77614 18.75907 18.71692 18.58164 18.53679 18.39815 18.21527 18.17314 18.10769 18.09805 18.09635 17.97097 17.67587 17.71035 17.74018 17.71317 17.44498 17.40886 17.40657 17.35405 17.46259 17.40131 17.42852 17.66587 17.63763 17.3589 17.38025 17.4675 17.66626 17.75008 17.72558 17.62114 17.31423 17.49785 17.42139 17.24604 17.17353 17.17355 17.12343 17.54665 17.4529 17.30074 17.1567
18.65974 18.71436 18.69224 18.55518 18.46656 18.40437 18.488 18.75198 18.91158 18.68303 18.58886 18.60007 18.49855 18.47823 18.57078 18.58123 18.5751 18.60712 18.70083 18.72264 18.77098 18.79901 18.68107 18.57409 18.49047 18.07947 18.08302 18.22247 18.1539 18.04088 17.98943 18.03816 17.16197 17.64798 17.83048 17.88154 17.70558 17.39843 17.5293 17.53785 17.54725 17.38233 17.18615 17.51814 17.51574 17.39694 17.29455 17.29249 17.61449 17.79885 17.73682 17.71817 17.53801 17.58208 17.58515 17.54137 17.51298 17.26849 17.43104 17.61326 17.41017 17.24066 17.31368
18.71952 18.7603 18.7086 18.83053 18.70166 18.66325 18.64672 18.6103 18.89151 18.78386 18.52806 18.53886 18.49876 18.62284 18.72927 18.68133 18.65072 18.68038 18.72845 18.73962 18.7624 18.77743 18.71067 18.5706 18.47891 18.3184 18.36615 18.27101 18.24223 18.10535 18.12948 18.03199 17.98021 17.94588 17.92199 17.89767 17.76104 17.52633 17.59452 17.52688 17.71684 17.72435 17.45655 17.39977 17.48253 17.3846 17.26455 17.4448 17.46037 17.62085 17.39208 17.55919 17.71224 17.5547 17.33679 17.49091 17.54801 17.58354 17.53423 17.6025 17.4028 17.23684 17.36933
18.70353 18.78575 18.81764 19.03648 18.74736 18.68645 18.59191 18.53779 18.85544 18.68098 18.52813 18.54218 18.4704 18.63269 18.708 18.79801 18.7241 18.89549 18.82953 18.77559 18.74334 18.7877 18.76124 18.66392 18.58049 18.39247 18.36666 18.30387 18.2874 18.23418 18.15564 18.16334 18.01011 18.03896 17.97914 17.94288 17.90745 17.91669 17.76112 17.80594 17.49907 17.53485 17.51431 17.11473 17.22859 17.45556 17.6176 17.52924 17.34945 17.36875 17.27813 17.68612 17.5882 17.51766 17.26471 17.59173 17.70367 17.53364 17.55118 17.60657 17.58383 17.60699 17.46389
17.29731 18.1372 18.66945 19.08404 18.70153 18.72827 18.32518 18.51688 18.6256 18.59697 18.47445 18.48184 18.64305 18.67658 18.71978 18.75935 18.83739 18.85671 18.83569 18.8106 18.36684 18.82101 18.76255 18.59907 18.54329 18.44888 18.35973 18.32888 18.28705 18.189 18.21288 18.1961 18.13616 18.07376 18.00774 18.0186 17.99124 17.98064 17.94242 17.91146 17.45066 17.34002 17.65785 17.51946 17.36934 17.75661 17.7088 17.61752 17.55451 17.33588 17.39896 17.5427 17.52898 17.51778 17.43664 17.49081 17.49538 17.46629 17.23948 17.46304 17.61447 17.50521 17.57763
