data/san_antonio/dem3.asc
ncols         844
nrows         477
xllcorner     782139.67535907
yllcorner     4079773.4429045
cellsize      3.4357867528787
NODATA_value  -9999
[rows 224 to 251 of 477, columns 504 to 566 of 844]
18.89686 18.53028 18.08164 18.41311 18.35592 18.2367 18.06009 17.91339 17.79859 17.67007 17.75428 18.07592 18.30982 18.344 17.81711 18.42499 18.14981 17.92311 17.89907 17.79093 17.94646 18.32347 18.26614 18.13308 16.63356 14.87638 13.15431 12.61371 12.30777 12.2145 12.10707 11.93651 11.54625 11.46457 11.50614 11.60595 11.73978 11.79361 13.04243 13.52075 14.0013 14.48547 14.97064 15.4729 16.83294 17.31106 18.03034 18.1139 18.2848 18.3492 18.28467 18.20459 18.00633 17.972 17.99533 18.37815 18.58072 18.16141 17.266 17.30897 16.7751 15.66945 14.53775
18.93905 18.19655 18.0939 18.26055 18.20185 18.15349 17.97195 17.74301 17.72002 17.87415 17.72536 17.88515 18.23486 18.17671 18.3115 18.31511 18.33383 18.12913 18.20545 18.03753 18.05916 17.95677 18.10132 17.96664 16.67536 15.09674 13.28503 12.58245 12.30766 12.20789 12.28182 12.1237 11.52755 11.36029 11.52624 11.69333 11.84811 12.27718 13.9195 14.44177 14.91989 15.39873 15.87646 16.35525 17.75443 18.15651 18.10865 18.25692 18.27874 18.28807 18.19338 18.06182 17.94284 17.87385 18.09104 18.47222 18.42363 17.65311 17.13774 17.60625 17.21409 15.81465 14.61064
18.52033 18.25593 18.15283 18.17294 18.08602 18.06969 18.07028 17.77414 17.54536 18.03178 18.09816 18.22919 18.30809 18.31635 18.12342 18.16626 18.17583 17.96547 18.1457 18.15309 17.86099 17.77127 18.09211 17.84826 16.54876 15.18541 13.58445 12.71406 12.35774 12.19752 12.21094 12.09909 11.7101 11.54004 11.66827 11.76339 11.82614 12.58571 13.56776 15.30445 15.84155 16.31987 16.7977 17.27619 18.34071 18.25891 18.24142 18.26692 18.26258 18.25325 18.10484 17.93207 18.00301 17.92548 18.46323 18.36071 18.11337 17.53442 17.37508 17.52602 17.72718 16.42263 14.90481
18.44519 18.45924 18.25041 18.36402 18.16453 18.09607 17.94387 17.56465 17.61893 17.5008 17.97992 18.30586 18.33301 18.26833 17.89244 18.03589 18.00379 17.98763 18.10763 18.24228 18.17985 18.20778 18.08274 17.99438 16.23306 15.00795 13.70242 12.78269 12.29113 12.23602 12.27352 12.08013 11.88955 11.69062 11.42268 11.4795 11.95511 12.87191 13.84026 15.79842 16.68187 17.24119 17.71897 18.45137 18.37122 18.28805 18.25471 18.25447 18.25511 18.21636 18.1219 17.7944 17.88906 18.03121 18.26164 18.29015 17.80073 17.42897 17.42957 17.50826 17.7081 17.30205 15.60842
18.21939 18.61787 18.35127 18.19069 18.18297 18.22573 18.1467 17.91519 17.87307 17.67702 18.00705 18.19384 18.23229 18.1991 18.14914 17.96929 17.78213 18.34648 18.12763 18.2096 18.151 17.8686 17.60747 17.62986 15.8122 14.73975 13.21828 12.6249 12.26608 12.24411 12.29335 12.16663 11.48679 11.28952 11.34358 11.82356 12.50008 13.41514 14.33054 16.17481 17.1012 18.01775 18.49124 18.27495 18.25271 18.23034 18.16897 18.17805 18.189 18.23564 18.13034 17.88288 17.72623 18.08177 18.17272 18.09989 17.77533 17.39473 17.20487 17.31981 17.5872 16.55277 15.40496
18.48554 18.53736 18.53359 18.31446 18.11403 18.12276 18.20896 18.1171 18.08627 17.67353 17.89803 18.06769 18.15401 18.11602 17.99948 17.99958 18.1744 18.46277 18.29528 18.13623 17.75695 17.57971 17.45778 17.3385 15.54107 14.44114 13.23322 12.59657 12.30052 12.23194 12.2309 11.85983 11.33018 11.14157 11.48295 11.9925 12.86848 13.73871 14.61124 16.26786 17.07496 17.85871 18.27695 18.25339 18.22979 18.20692 18.09309 17.94438 17.94328 18.01583 18.03214 17.87351 17.61506 17.92598 18.067 17.90458 17.55784 17.15865 17.21809 17.24559 17.50661 16.02841 14.65839
18.35298 18.3659 18.48286 18.13286 18.04209 18.07162 18.11279 18.14038 18.18316 17.80252 17.77427 17.94033 18.06899 18.0991 18.04295 18.18658 18.28475 18.05479 17.97607 17.93545 17.87906 17.80091 17.68633 17.48317 16.54956 14.3085 12.99548 12.45244 12.25973 12.2696 12.12312 11.3817 11.25799 11.05236 11.66742 12.43252 13.23735 14.04109 14.84618 16.45505 17.23482 17.72404 18.14575 18.23108 18.20824 18.18494 18.08077 18.01003 17.83795 17.71566 17.664 17.66981 17.71327 17.80318 17.832 17.86429 17.40973 17.2241 17.21171 17.21274 17.43785 15.61748 14.35698
18.59565 18.65033 18.59053 18.23094 18.27046 18.19027 18.13175 18.08087 18.0565 18.13369 18.21884 18.15091 18.07735 18.0912 18.16434 18.18269 18.14502 17.89246 18.1049 18.07326 18.01455 18.00414 17.91523 17.32545 16.29998 14.19811 13.03098 12.45033 12.19776 12.14857 11.9625 11.64921 11.29526 11.2478 11.85118 12.61721 13.4216 14.22536 15.03102 16.61662 17.10465 17.53131 17.76301 18.16007 18.18561 18.16281 18.12872 17.99172 17.92257 17.8332 17.8512 17.88916 17.83764 17.61851 17.63334 17.65574 17.57004 17.25645 17.17867 17.19087 17.34302 15.20297 14.01786
18.59204 18.56031 18.65398 18.6214 18.58789 18.47072 18.39126 18.38149 18.26189 18.18151 18.17719 18.24272 18.2776 18.1942 18.44915 18.39123 18.28675 18.09881 18.20664 18.21509 18.15495 18.09724 18.02618 17.15375 16.04704 13.52804 12.86378 12.34799 12.13085 11.8405 11.64124 11.57411 11.28007 11.54582 12.01291 12.80164 13.60598 14.41074 15.21536 16.48551 16.91166 17.33734 17.57072 17.99564 18.16379 18.14036 18.10877 17.97247 17.90285 17.90528 17.81743 17.86412 17.95436 17.87169 17.99665 17.94333 17.50687 17.3087 17.18595 17.17421 17.15887 15.26123 14.1192
18.46063 18.55878 18.65573 18.52447 18.70395 18.5923 18.56874 18.65284 18.54314 18.35917 18.19533 18.24846 18.31079 18.23939 18.07804 18.06454 18.10789 18.07058 18.31325 18.14759 17.9616 18.02233 17.45751 16.94108 15.83054 13.4943 12.78369 12.28413 11.98605 11.65593 11.5923 11.60588 11.28531 11.69631 12.18158 12.98589 13.79027 14.59532 15.3756 15.86647 16.71798 17.14365 17.37646 17.80219 18.12635 18.11889 18.08892 17.95215 17.89841 17.97231 17.83476 18.00608 18.15725 18.14329 18.24743 18.12637 17.67085 17.5271 17.73295 17.73899 17.30271 15.37169 14.16622
18.43574 18.51447 18.59064 18.47309 18.63147 18.59193 18.51358 18.37453 18.32947 18.24176 18.25138 17.9131 17.91298 17.99983 17.86185 18.00596 18.05478 17.95818 18.34916 18.24783 17.74795 17.88934 17.16023 16.21414 15.6456 13.25476 12.51654 12.24926 11.79002 11.6287 11.61307 11.65516 11.44214 11.80985 12.36601 13.17025 13.97492 14.75421 15.24746 15.67309 16.52436 16.95078 17.18276 17.60974 18.02012 18.09612 18.06767 17.93223 17.93306 18.01074 18.05238 18.16283 18.2476 18.0929 17.95453 18.07153 17.88506 17.89267 18.04329 18.04755 17.74084 15.39571 14.25753
18.49751 18.55807 18.63105 18.34076 18.81036 18.78034 18.59127 18.26963 18.34964 18.38264 18.49867 18.18841 17.81674 17.94874 17.88599 17.79741 17.87726 17.80227 18.24768 18.19054 17.96053 17.82703 17.53495 16.54672 15.35726 12.65496 12.19246 12.14756 12.01602 11.92621 11.89966 11.807 11.56841 11.92338 12.55026 13.35449 14.13437 14.62846 15.0541 15.47974 16.33141 16.56338 16.98989 17.41585 17.84159 18.07342 18.04633 17.92101 17.98109 17.99832 18.02015 18.12579 18.15238 17.95372 17.78763 17.91976 17.89498 17.77477 18.00699 18.08327 17.6699 16.76387 14.19961
18.60122 18.62055 18.67098 18.6162 18.77873 18.71964 18.56778 18.4389 18.5034 18.4251 18.57274 18.30141 18.13383 17.94736 17.8464 17.9006 18.01552 18.05097 18.45222 18.16024 17.86694 17.79787 17.13828 16.27863 15.23982 12.66151 12.07487 12.15092 12.21745 12.16889 11.96851 11.7567 11.5217 12.04674 12.73484 13.51435 14.00908 14.43482 14.8606 15.28638 16.1377 16.37053 16.79621 17.22189 17.64822 18.01999 18.02517 17.94521 17.98846 17.96222 17.98866 18.08259 18.00729 17.82632 17.77846 17.86439 17.94811 18.00368 18.08067 17.83209 17.4851 16.64985 14.14176
18.72892 18.73767 18.75079 18.73009 18.74744 18.61256 18.52479 18.36778 18.49197 18.56083 18.42311 18.11835 18.11114 18.0375 18.06035 18.26724 18.39634 18.12681 18.22496 17.99902 17.84834 17.71473 17.38423 16.17537 14.94082 12.51968 11.79179 12.22282 12.35929 12.04569 11.79894 11.65622 11.57774 12.17544 12.89278 13.38907 13.81481 14.24086 14.66739 15.09303 15.9443 16.17681 16.60249 17.0293 17.45525 17.87947 18.00427 17.97369 17.95404 17.93014 17.9608 17.9711 17.86091 17.69968 17.68257 17.9363 17.87861 17.77375 17.55215 17.44062 17.50318 16.93377 13.53057
18.79896 18.81936 18.53554 18.56669 19.19896 19.15139 18.7936 18.42204 18.40388 18.58707 18.21017 17.95652 18.12231 17.42595 18.01217 18.28097 18.42768 17.80371 18.02654 17.90713 17.69412 17.50856 17.2076 16.05686 14.66584 13.57618 11.96843 12.29616 12.3292 12.16174 11.89786 11.70982 11.59745 12.29385 12.76923 13.19491 13.62118 14.0484 14.47404 14.89967 15.55759 15.98323 16.40955 16.83534 17.26102 17.68759 17.9758 17.94631 17.91785 17.93688 17.93455 17.83013 17.71446 17.61107 17.73562 17.94436 17.6864 17.31897 17.28892 17.31101 17.15144 16.26822 12.69216
18.59741 18.40152 18.4471 18.85023 19.2662 19.169 18.88601 18.58582 18.31869 18.31502 18.02125 17.98151 18.0288 17.73175 17.88703 18.23084 18.37125 17.66722 17.67062 17.85593 17.69159 17.44873 17.29056 16.39737 14.49045 13.37289 11.73528 11.68675 11.96129 11.92655 11.78291 11.67838 11.69927 12.24635 12.66704 13.0064 13.35251 13.78549 14.2491 14.67407 15.73138 16.05305 16.38169 16.71359 17.12164 17.51319 17.8961 17.94425 18.00703 18.07228 17.95172 17.81075 17.53778 17.75567 18.04628 17.79964 17.58952 17.65213 17.6766 16.92566 15.8882 14.8518 12.27062
18.52751 18.44881 18.75061 18.80375 18.92963 18.87778 18.71952 18.52823 18.59562 18.36358 17.98677 17.98588 18.08232 18.01419 17.95927 18.01287 17.93283 17.80155 17.89399 17.82288 17.65237 17.43951 17.1469 16.12098 14.45373 13.12365 12.35147 12.03127 11.73546 11.79274 11.91638 12.04372 12.16957 12.91404 13.58637 13.89558 14.2026 14.5086 14.81493 15.12088 16.50692 16.81756 17.12756 17.43858 17.75002 17.97499 17.92415 17.97522 18.14952 18.0642 17.94884 17.87951 17.58276 17.45846 17.76022 17.59444 17.90703 18.06828 17.30201 15.92973 14.62852 13.46447 11.90271
18.48783 18.43872 18.40053 18.44537 18.57956 18.46468 18.5624 18.68908 18.52279 18.23049 17.90524 18.03185 17.85354 18.09347 18.03863 17.80097 17.74339 17.728 17.84708 17.49175 17.33964 17.04282 16.67639 15.31505 14.00965 12.67988 12.73571 12.33704 11.941 11.96505 12.03905 12.14926 12.30774 13.62781 14.21487 14.6321 14.95414 15.26433 15.57526 15.88585 16.93758 17.55874 17.86917 18.09934 18.05943 17.95265 17.85156 17.79662 18.17191 18.17571 17.97814 17.83089 17.70474 17.52922 17.30731 17.44536 17.75014 17.93626 17.32395 15.93708 14.49656 13.00611 11.72968
18.4152 18.37618 18.36095 18.38622 18.24914 18.32954 18.46962 18.43154 18.1118 17.85838 18.08019 18.15091 17.54379 17.91951 17.96717 17.94498 17.81569 17.83118 17.97541 17.52242 17.36567 17.10514 16.52769 15.26329 13.83661 12.62854 12.92533 12.33231 12.23003 12.24118 12.25092 12.26256 12.2976 14.11455 15.04286 15.3342 15.67565 16.00598 16.31676 17.36822 17.67925 18.2338 18.19665 18.0893 17.98177 17.87468 17.78227 17.72321 18.15322 18.20004 17.99472 17.94645 17.8592 17.70387 17.30003 17.2686 17.46018 17.71659 17.13814 15.75264 14.26296 12.75504 11.8042
18.33425 18.33609 18.32358 18.32886 18.30052 18.37394 18.28567 18.1299 18.31284 18.38996 18.16306 18.08937 17.91182 17.9581 17.81745 17.8547 17.94527 17.91473 18.10021 17.75346 17.53145 17.3007 16.55434 15.18325 13.49045 12.38096 12.91142 12.50274 12.46375 12.47034 12.48006 12.48999 12.49973 13.10218 15.6702 16.26108 16.45546 16.72166 17.05819 18.10987 18.35665 18.22721 18.11928 18.01184 17.90373 17.79729 17.71334 17.71744 18.0297 18.0331 18.00852 17.9896 17.95396 17.87822 17.50683 17.21406 17.50308 17.74402 16.69474 15.27495 13.97233 12.69075 11.9396
18.28734 18.3157 18.32204 18.28336 18.30241 18.35206 18.2585 18.14314 18.31479 18.43337 18.35039 18.34915 18.32864 17.88642 17.81763 17.83277 17.6674 17.71104 18.07948 18.09383 17.82071 17.5221 16.6393 15.2788 13.53633 12.56705 12.80718 12.73199 12.74177 12.68735 12.66341 12.67391 12.68363 13.95922 15.96446 17.11635 17.38875 17.58118 17.80422 18.52824 18.40969 18.15268 18.04141 17.93393 17.82611 17.71928 17.67955 17.76428 17.97234 18.00891 17.95872 17.90589 17.91154 17.88934 17.59179 17.38815 17.58212 17.58911 16.25978 14.83589 13.41309 12.2803 12.10158
18.24905 18.2862 18.31479 18.19998 18.17041 18.29297 18.29001 18.2104 18.20296 18.43026 18.43543 18.376 18.31989 18.21919 17.91656 17.78511 17.96829 18.05386 18.12728 18.10717 18.01331 17.72621 16.63669 14.98276 13.26623 12.34785 12.85287 12.70871 12.70557 12.77269 12.83936 12.85929 13.0759 14.79639 16.73915 17.68235 18.32059 18.49907 18.5809 18.57231 18.50784 18.26819 18.12069 17.97445 17.83034 17.73611 17.79383 17.86028 18.00951 17.97345 17.91996 17.8899 17.89117 17.79755 17.67824 17.70023 17.79973 17.26912 15.87243 14.48011 13.28754 12.32959 11.9209
17.95008 17.97652 17.989 17.98492 18.15056 18.24367 18.23431 18.21767 18.21432 18.28732 18.38862 18.35915 18.33021 17.73889 17.76019 17.89877 18.00759 18.08506 18.08243 17.77577 17.71922 17.69839 16.37514 14.81525 13.24445 12.54269 12.735 12.4451 12.44961 12.52307 12.58816 12.66635 13.468 15.54205 18.03287 18.47198 18.57174 18.57384 18.56411 18.56624 18.558 18.4041 18.37441 18.3702 18.3199 18.00311 17.91311 17.86001 18.02241 18.06395 18.0905 18.12756 18.10233 18.01663 17.84682 17.85796 17.51974 16.81173 15.72018 14.56107 13.46065 12.48941 12.0638
17.94039 17.91639 18.0871 18.17937 18.22383 18.44623 18.57643 18.59307 18.49347 18.46755 18.42351 18.44751 18.31681 17.99448 17.96594 17.97349 17.97146 17.96411 18.05619 17.98425 17.4993 17.38633 15.95961 14.62609 13.28148 12.57685 12.45468 12.30903 12.31826 12.24449 12.09342 12 13.59053 15.753 18.41873 18.51841 18.5306 18.52899 18.5607 18.55794 18.55651 18.46219 18.44878 18.36517 18.14637 17.90975 17.93317 17.92294 18.0425 18.20466 18.33184 18.37172 18.27744 18.10292 17.98674 17.77679 17.02635 16.37575 16.27146 15.26367 13.82302 12.60569 12.066
18.01905 17.81752 17.91221 18.09553 18.2567 18.42984 18.61983 18.61542 18.53049 18.46962 18.5616 18.51721 18.14667 18.12352 18.01837 17.76876 17.95116 17.92863 17.85448 17.85718 17.35332 17.04865 15.68694 14.39095 13.21172 12.28255 12.36407 12.10754 12.11267 12.12939 12.14466 12.44537 14.0185 15.87763 18.56823 18.70587 18.69271 18.59237 18.78936 18.62706 18.57431 18.5688 18.33104 18.10204 17.90396 17.8044 17.72978 17.69752 17.75698 18.20737 18.35322 18.40935 18.29726 18.13242 17.88247 17.3968 16.66465 16.49226 15.99325 15.07556 14.01987 12.81585 11.95812
18.09863 17.88908 17.74463 17.86663 18.06823 18.30159 18.6985 18.66332 18.65119 18.63657 18.57974 18.45573 18.40527 18.19736 18.25981 17.88568 17.91066 17.90124 17.73872 17.92132 17.88725 17.24559 15.96027 14.45863 12.90554 12.16884 12.27351 12.05769 11.93768 11.95562 12.56218 13.28018 14.82383 16.6125 18.67817 18.88125 18.93333 19.03129 18.89119 18.69793 18.5446 18.51875 18.25072 18.0452 17.80218 17.71944 17.68123 17.71674 17.7898 18.22199 18.31127 18.3493 18.39557 18.24149 17.54991 17.07527 16.83815 16.41313 15.43452 14.48374 13.55339 12.52943 12.07488
18.2547 18.04339 17.84517 17.95836 18.28966 18.75998 18.69951 18.65061 18.61285 18.6045 18.36206 18.37875 18.43391 18.42254 18.35706 18.22248 18.02699 18.07842 18.01518 18.09376 17.96495 17.15472 15.8352 14.21722 12.80346 12.46945 12.30418 12.04091 11.89872 11.975 12.68472 13.40439 15.30814 17.48373 18.55575 18.68276 18.88929 18.90247 18.9505 18.94737 18.63076 18.41167 18.13287 17.99854 17.84302 17.78424 17.8912 17.77636 17.82427 18.22329 18.24657 18.13708 17.7117 17.30345 16.93702 16.79371 16.57791 16.04889 15.0521 14.05321 13.05918 12.2863 12.04593
18.46448 18.36936 18.25681 18.16584 18.53705 18.73274 18.75745 18.65282 18.58572 18.55788 18.45489 18.44512 18.43451 18.53692 18.55864 18.464 18.29659 18.0122 18.18735 18.23786 17.98625 16.99699 16.22092 14.86989 12.53716 11.57383 11.7429 11.9025 11.85343 12.19304 12.58228 13.38459 15.28281 16.887 18.25385 18.63827 18.86633 18.90481 18.99784 19.065 18.83491 18.52023 18.07359 17.93466 17.9027 18.11056 18.10494 18.01369 17.91222 18.06082 18.06789 17.95053 17.54832 17.12504 16.80835 16.61248 16.3011 15.65786 14.68286 13.83132 13.04219 12.33232 12.09532
