data/san_antonio/dem3.asc
ncols         844
nrows         477
xllcorner     782139.67535907
yllcorner     4079773.4429045
cellsize      3.4357867528787
NODATA_value  -9999
[rows 196 to 223 of 477, columns 630 to 692 of 844]
18.59003 18.36088 18.20421 18.25837 18.37233 18.36032 18.37202 18.52233 18.18605 18.32365 18.47293 18.3527 18.42904 18.59828 18.41082 18.34239 18.34876 18.08224 18.25961 18.49849 18.68313 18.65082 18.16671 17.86468 17.95521 18.07291 18.08105 18.08917 17.89927 17.63226 17.84113 17.94032 18.10218 18.11063 18.02904 17.93025 17.78113 17.4325 17.63676 17.93897 18.01185 17.91287 17.73481 17.65471 17.72487 17.89131 17.90065 18.04957 17.995 17.92365 17.96262 17.70817 17.66632 17.63709 17.65137 17.87929 18.02915 17.89422 17.73833 17.72996 17.82457 18.01493 17.7743
18.09876 18.25107 18.00453 18.46477 18.34395 18.33157 18.4451 18.6095 18.44119 18.25189 18.19197 18.29293 18.41899 18.56786 18.43903 18.2758 18.11684 17.98233 17.99739 18.16534 18.37659 18.39753 17.98712 18.03769 18.00859 17.9757 17.93149 17.92195 18.05661 18.22363 17.95863 17.79538 17.90032 18.08311 17.94311 17.9263 17.90895 17.78338 17.85034 17.7256 17.81888 18.04524 17.92927 18.13882 18.03212 17.78745 17.8924 18.03155 17.97879 18.01879 17.89107 17.72688 17.53951 17.50014 17.53897 17.82342 17.88682 17.67474 17.59236 17.82673 17.86486 17.99117 17.94846
18.2927 18.24033 18.30132 18.58055 18.47209 18.35412 18.44509 18.10896 18.13705 18.25534 18.27256 18.35571 18.31826 18.19323 18.2557 18.21201 17.94724 17.87183 17.91418 18.00514 18.22077 18.04517 17.8061 18.0534 18.05729 17.8804 17.76862 17.98418 18.16949 18.12013 18.03436 17.7457 17.9586 17.73965 17.88085 17.86055 17.84949 17.88759 18.01434 17.84987 17.86798 17.88592 18.20702 18.20053 18.13631 17.87374 17.81104 17.83485 17.99785 17.7656 17.86267 17.89897 17.72319 17.66228 17.55307 17.12739 17.43927 17.76819 17.87226 17.90036 18.0371 18.0357 17.96296
18.50032 18.06187 18.15006 18.30706 18.08296 18.07454 18.17555 17.9314 18.01775 18.12687 18.20362 18.22507 18.26672 18.26153 18.38367 18.38452 17.83719 17.88711 17.96262 17.941 18.12475 18.03909 17.76891 17.78239 17.85705 17.7702 17.8748 17.94068 17.96053 17.82252 18.04729 17.96484 17.76366 17.99202 17.90087 17.82462 17.77824 17.74035 17.88824 18.0128 17.98664 17.94283 18.09542 18.08648 18.13563 18.07571 17.9718 17.8333 17.70724 17.71491 17.75492 17.82781 17.79325 17.69517 17.84564 17.60616 17.79964 17.90976 17.87082 17.81612 17.78559 18.03326 18.01756
18.14702 18.04735 18.02775 18.03761 18.17905 18.14019 17.90683 17.63482 17.85625 17.99067 17.83903 18.3474 18.05213 17.88416 18.08927 18.18886 18.24042 18.25773 17.82058 17.91801 17.98655 17.99484 17.94262 17.70223 17.597 17.65296 17.96799 17.89434 17.89179 17.91579 17.97519 18.01285 17.82731 18.03265 17.98509 17.94653 17.80107 17.86803 17.88736 18.00308 17.81537 17.34438 17.80738 18.0617 18.12276 18.07899 18.0426 17.89505 17.93894 17.94284 17.86044 17.8585 17.69643 17.75479 17.85709 17.90577 17.96092 18.00885 18.0381 17.82621 17.96269 17.97861 17.94071
18.24897 18.44896 18.10088 18.21687 18.33713 18.09723 17.82657 17.8528 18.01812 17.96854 17.76946 18.26618 18.05601 18.2302 18.03833 18.13408 18.32958 17.96569 17.92554 17.92517 17.87253 17.79472 17.70362 17.64842 17.69851 17.58152 17.94943 17.73761 17.81285 17.84809 17.82148 17.77483 17.54479 17.87258 18.08249 17.76332 17.80209 17.79126 17.7804 17.80825 17.8659 17.64985 17.82825 17.92373 17.98043 18.00277 18.0068 17.84058 17.6431 17.68633 17.71754 17.68393 17.71801 17.79614 17.90937 18.08633 17.83889 17.92329 17.80214 17.8244 17.78729 17.78869 17.90701
18.14421 18.44825 18.30657 17.7632 18.4346 18.42184 18.25248 18.07208 18.01386 17.91202 18.26351 18.17023 18.175 18.00836 17.83154 17.90854 18.02046 18.03922 18.21451 17.80661 17.91319 17.80305 17.66317 17.56188 17.78963 17.6774 17.6657 17.61538 17.85642 17.90128 17.73628 17.36314 17.34249 17.70242 17.77303 17.78908 17.81498 17.77235 17.79034 17.7655 17.80136 17.74909 17.55143 17.71987 17.89432 17.82948 17.83021 17.77398 17.55621 17.63361 17.68002 17.5972 17.7419 17.83693 17.95227 17.92111 18.03161 18.03161 17.72248 17.52043 17.60104 17.57151 17.73965
18.31936 18.41391 18.29201 17.83316 18.43246 18.03504 17.63342 17.77626 17.79433 17.99662 18.19835 18.01218 17.85213 17.69595 17.63584 17.71321 17.75232 17.84763 18.02748 17.92587 17.87929 17.74015 17.60008 17.48357 17.60929 17.61998 17.58594 17.71257 17.883 17.87169 17.61924 17.63621 17.62679 17.80905 17.73082 17.79706 17.78877 17.8063 17.95939 17.89969 17.68333 17.6765 17.46815 17.45017 17.68478 17.68349 17.65323 17.57613 17.53816 17.62409 17.67039 17.57108 17.5076 17.88278 17.70036 17.76355 17.8477 17.76651 17.65659 17.48941 17.56429 17.42281 17.56433
18.10132 18.38123 18.35344 18.21263 17.97185 17.94657 17.78848 17.74303 17.71817 18.03973 18.17339 17.94112 17.92217 17.72775 17.69575 17.76262 17.79435 17.81352 17.84993 17.79095 17.76975 17.66563 17.59627 17.63277 17.7161 17.50775 17.8047 17.57203 17.78078 17.84206 17.79213 18.00415 18.05952 17.73519 17.66607 17.59363 17.5652 17.63168 17.9572 17.97956 17.9326 17.6853 17.35072 17.20143 17.18459 17.34799 17.51722 17.1538 17.50744 17.58483 17.63546 17.57544 17.5033 17.51573 17.36759 17.67133 17.63582 17.63154 17.59792 17.57409 17.65508 17.7583 17.62198
18.1031 18.19283 18.07084 18.20257 18.26948 18.11661 17.62651 17.6492 17.80141 17.85354 17.90782 17.73203 17.95347 17.75887 17.75568 17.82299 17.90192 17.94873 17.91804 17.68627 17.89186 17.79994 17.77459 17.58046 17.69319 17.43766 18.06742 17.91175 17.735 17.55996 17.47232 17.76983 17.63725 17.55048 17.66634 17.44429 17.45436 17.61766 17.85325 17.9089 17.92753 17.68151 17.21583 17.19453 17.19023 17.32777 17.61751 17.40295 17.43994 17.5414 17.59608 17.53595 17.51341 17.51869 17.57014 17.57736 17.49579 17.63887 17.81576 17.65331 17.47064 17.5567 17.60301
18.02535 18.05218 17.94195 17.99182 18.32624 18.15957 18.0189 17.96595 17.9617 17.87113 17.78688 17.65337 17.85674 17.7947 17.81672 17.85875 17.87896 17.86659 17.72273 17.57684 17.72352 17.76079 17.70619 17.74677 17.63564 17.57392 18.02763 18.11332 18.14764 18.03913 17.86893 17.90119 17.58648 17.13822 17.85032 17.58885 17.44956 17.60787 17.65875 17.78954 17.80387 17.69631 17.44855 17.30745 17.39467 17.28385 17.4637 17.38898 17.48895 17.52231 17.57377 17.57054 17.58305 17.57348 17.58717 17.60896 17.7492 17.58625 17.42723 17.66909 17.49752 17.29858 17.41386
17.86741 17.9567 17.93607 17.9567 18.15356 18.09675 18.02907 17.87055 18.02608 17.95133 17.91109 17.96346 17.98646 17.88136 17.85448 17.84457 17.7731 17.6508 17.51457 17.55252 17.60927 17.67684 17.66569 17.66319 17.57755 17.67764 17.75318 17.89948 18.05058 17.94147 17.83128 18.00796 17.85293 17.87717 17.86437 17.69316 17.66836 17.74634 17.66891 17.59341 17.96416 17.65931 17.35848 17.62193 17.45133 17.33624 17.58543 17.43584 17.52532 17.6406 17.92616 17.79925 17.66809 17.66001 17.54672 17.60875 17.8272 17.77909 17.6731 17.72793 17.47155 17.19044 17.32276
18.07111 18.11091 18.13683 17.94254 18.14391 18.13844 17.90964 17.8821 18.10878 17.97868 18.04714 17.89068 17.48819 17.83753 17.73415 17.78178 17.78792 17.71174 17.58866 17.65533 17.71097 17.74551 17.73802 17.743 17.62885 17.47915 17.24787 17.75997 17.91347 17.98625 18.01923 17.98307 17.74981 17.7714 17.71506 17.76937 17.82369 17.85402 17.86388 17.7704 17.73937 17.54332 17.55135 17.49377 17.38251 17.55411 17.74858 17.46559 17.53773 17.76673 17.77944 17.74788 17.79518 17.66119 17.52567 17.39087 17.65517 17.61322 17.3425 17.3649 17.61782 17.52027 17.57225
18.10685 18.14564 18.13673 17.8533 17.84914 17.63726 17.97214 17.93007 17.86471 17.77593 17.75012 17.82006 17.74669 17.75715 17.72243 17.81366 17.80157 17.88261 17.38457 17.50194 17.62303 17.66408 17.824 17.80186 17.71721 17.55651 17.35639 17.2777 17.74273 17.8398 17.89012 17.94887 17.65362 17.64853 17.77983 17.63209 17.66504 17.77406 17.9575 17.83317 17.66282 17.62601 17.67502 17.58894 17.47112 17.62857 17.97707 17.73119 17.65298 17.17751 17.72386 17.70582 17.76382 17.71819 17.58246 17.44621 17.50277 17.47669 17.06476 17.32563 17.58841 17.59633 17.63746
18.22874 18.21742 17.93329 17.95896 17.62463 17.79686 17.84353 17.932 17.69877 17.78531 17.77295 17.88901 17.98371 17.82118 17.72919 17.75723 17.69014 17.89748 17.77462 17.86245 17.87374 17.78218 17.95748 18.00214 17.73359 17.49837 17.40552 17.47461 17.33083 17.36488 17.50884 17.98697 17.92891 17.95357 17.76439 17.60332 17.50416 17.4965 17.81619 17.75628 17.59543 17.71237 17.59452 17.43846 17.53226 17.86761 17.82799 17.81017 17.75707 17.18754 17.58436 17.77209 17.79126 17.76514 17.63947 17.52227 17.35503 17.59731 17.24097 17.38424 17.44342 17.53734 17.50159
18.09944 17.92024 17.70483 17.84254 17.88264 18.07056 17.94957 17.95517 17.48679 17.80905 17.76638 17.81795 17.86919 17.79709 17.98544 17.87231 17.67539 17.89569 17.9318 17.9382 17.67482 18.07911 18.12906 17.93334 17.76491 17.57727 17.50058 17.3154 17.37685 17.48332 17.71427 17.90671 17.65081 17.76746 17.81436 17.64978 17.76356 17.83565 17.92844 17.81774 17.72789 17.79009 17.41147 17.25378 17.15683 17.69479 17.51758 17.70919 17.68758 17.21884 17.39968 17.68834 17.9395 17.88129 17.71666 17.54075 17.60529 17.50747 17.18467 17.27705 17.3448 17.60405 17.42861
17.55184 17.87472 17.85824 18.14682 18.16335 17.88648 18.20889 18.05532 17.93149 17.98566 18.00305 17.79334 17.62342 17.56346 17.83113 17.69531 17.46698 17.33534 17.50583 17.75989 17.96624 17.74619 17.6841 17.7216 17.76359 17.71513 17.7583 17.59073 17.6278 17.64206 17.68704 17.69279 17.79765 17.74993 17.90309 17.77682 17.68269 17.82763 17.85839 17.83964 17.95652 17.7474 17.66294 17.57617 17.77114 17.49088 17.62918 17.60136 17.59006 17.35553 17.27937 17.41922 17.86047 17.85537 17.68417 17.50312 17.64325 17.51822 17.08223 16.88545 17.45916 17.485 17.47068
17.45197 17.80013 17.95824 18.08274 18.22599 17.66251 18.11988 18.01168 18.08995 18.06876 18.00026 17.80614 17.84639 17.65259 17.84887 17.86862 17.52422 17.79131 17.92467 18.06215 17.75985 17.25683 17.18664 17.35128 17.53769 17.68451 17.72592 17.83826 17.85282 17.77609 17.70126 17.67699 17.72293 17.77191 17.89734 17.64775 17.59483 17.54403 17.54591 17.54469 17.85468 17.87182 17.80331 17.81071 17.81104 17.45162 17.59784 17.61929 17.55305 17.5329 17.51602 17.35859 17.50509 17.82036 17.7008 17.55321 17.67229 17.46697 17.20073 17.10004 17.39326 17.64408 17.62747
17.8686 17.85825 17.69661 17.90045 18.0584 18.08706 18.08811 17.92323 17.80373 17.77089 17.80184 17.83256 17.84995 17.6741 17.65509 17.72621 18.01704 18.08689 18.12704 18.12189 17.53535 16.92142 16.97135 17.03579 17.27586 17.52033 17.74745 17.92586 17.81953 17.6517 17.65712 17.6424 17.72605 17.81355 17.81418 17.65924 17.47706 17.41385 17.3607 17.37937 17.72766 17.87095 17.89009 17.70981 17.43342 17.50657 17.65293 17.50823 17.54835 17.70491 17.70381 17.52029 17.36961 17.51077 17.64556 17.53717 17.42866 17.52675 17.44945 17.4298 17.52238 17.62123 17.62356
17.9994 17.7337 17.50483 18.05223 17.98621 18.04484 17.8929 17.77498 17.55686 17.59488 17.71497 17.62405 17.7304 18.09765 17.90764 17.88547 17.87918 17.9219 18.11656 18.05546 17.71415 17.14189 17.23397 17.14597 17.31323 17.72993 17.64193 17.62366 17.59969 17.69472 17.64651 17.50583 17.26105 17.26684 17.33173 17.67864 17.62623 17.51792 17.53908 17.56486 17.64918 17.62179 17.80313 17.64252 17.30777 17.4442 17.57596 17.40325 17.45414 17.72399 17.74525 17.41565 17.50278 17.17357 17.41955 17.30711 17.53136 17.55234 17.43199 17.42537 17.48994 17.56678 17.56871
17.82907 17.64321 17.29305 17.92531 17.78351 18.02426 17.80336 17.76662 17.40333 17.58857 17.85843 17.82355 17.64415 17.87261 17.5736 17.66234 17.7553 17.9678 18.05399 18.11877 17.3451 17.36557 17.70819 17.71505 17.90434 17.82286 17.78824 17.9022 17.51747 17.66532 17.74102 17.67345 17.34872 17.07456 17.33444 17.65644 17.56967 17.55159 17.65371 17.53576 17.54056 17.57656 17.741 17.77116 17.60022 17.69135 17.70573 17.45223 17.48147 17.50767 17.74693 17.6893 17.47729 17.29893 16.94622 17.32074 17.48319 17.32183 17.40413 17.45361 17.46523 17.51125 17.51344
17.86544 17.73406 17.63854 17.76138 17.57127 17.65815 17.61519 17.44644 17.59875 17.80666 17.96685 17.8397 17.61325 17.64064 17.46875 17.63544 17.69211 17.62226 17.82658 18.00617 17.73647 17.79328 17.70963 17.60537 17.76971 17.68786 17.51872 17.64714 17.67842 17.70038 17.85022 17.68709 17.25741 17.10897 17.19752 17.47421 17.5187 17.5815 17.55276 17.49403 17.5864 17.586 17.59968 17.80252 17.55107 17.51732 17.70871 17.74166 17.68682 17.5418 17.90489 17.72356 17.14044 16.70839 16.71795 17.30424 17.45602 17.67038 17.7812 17.72861 17.35297 17.49401 17.41383
17.64723 17.50093 17.50747 17.63618 17.3978 17.38016 17.68113 17.78288 17.89556 17.76055 17.72276 17.60471 17.59503 17.52819 17.22509 17.39909 17.42865 17.43718 17.50411 18.04888 17.8798 17.76698 17.84664 17.54744 17.42715 17.43578 17.45365 17.19955 17.7642 17.65456 17.8934 17.78783 17.49351 17.41355 17.48616 17.60711 17.71078 17.74453 17.68406 17.58259 17.63452 17.59619 17.46046 17.72918 17.5281 17.4212 17.6706 17.78896 17.74801 17.59343 17.77683 17.57682 17.00425 16.63028 16.46519 16.99781 17.37551 17.65887 17.81425 17.73624 17.44339 17.47162 17.31423
17.58241 17.60385 17.39493 17.29622 17.18302 17.30087 17.59337 17.72342 17.81433 17.88379 17.92295 17.70294 17.58 17.77031 17.04161 17.20102 17.40089 17.63358 17.89311 18.1151 17.71448 17.58392 17.7354 17.71648 17.7315 17.63923 17.57287 17.53524 17.63387 17.66991 17.87515 17.87635 17.71047 17.7409 17.71299 17.54411 17.7555 17.81022 17.71273 17.62857 17.67785 17.60378 17.47803 17.56461 17.44353 17.45366 17.67138 17.55458 17.65594 17.44568 17.38714 17.40172 17.21715 17.0127 16.857 16.80522 17.2939 17.39135 17.56507 17.66893 17.60612 17.51781 17.45671
17.71206 17.88756 17.49524 17.34213 17.48345 17.4768 17.50975 17.56157 17.90911 18.04257 18.0337 17.80921 17.64668 17.88133 17.60431 17.60621 17.48118 17.70337 17.90516 18.00827 17.36039 17.30431 17.03421 17.65618 17.73594 17.75311 17.57121 17.39522 17.2761 17.32526 17.78775 18.04844 17.87723 17.71693 17.34407 17.55876 17.29405 17.54026 17.56052 17.53321 17.73488 17.55819 17.73785 17.58406 17.45402 17.55474 17.62671 17.66462 17.64538 17.39039 17.43233 17.5469 17.5079 17.38724 17.08986 16.6143 17.10122 17.52215 17.56197 17.68712 17.69028 17.56165 17.60679
17.71843 17.49269 17.05179 17.07462 17.26113 17.46775 17.45813 17.44912 17.72825 17.87822 17.95171 17.94147 17.90818 17.93887 17.66043 17.79831 17.56687 17.48247 17.32857 17.57162 17.36764 17.32519 17.42173 17.73181 17.74968 17.80024 17.70419 17.65052 17.06634 17.06029 17.68539 18.20427 18.01868 17.76056 17.3828 17.25044 17.63209 17.70849 17.66725 17.51977 17.59789 17.28508 17.79793 17.61965 17.42842 17.45874 17.57289 17.52423 17.55165 17.46547 17.5499 17.2478 17.18121 17.30316 17.24014 16.70165 16.83744 17.51039 17.55876 17.70064 17.61143 17.55817 17.37564
17.74105 17.62618 17.18653 17.37088 17.35138 17.86991 17.73238 17.65227 17.70212 17.77956 17.78512 17.87807 17.96943 17.93936 18.04502 17.93005 17.67262 17.36848 17.49474 17.31011 17.30126 17.41557 17.43728 17.31594 17.57905 17.74471 17.70553 17.82048 17.554 17.147 17.71403 18.1044 18.02011 17.78153 17.67117 17.49029 17.73215 17.77596 17.78109 17.86381 17.353 17.4641 17.60183 17.55205 17.46529 17.65958 17.55978 17.46372 17.48362 17.63169 17.62522 17.55592 17.29894 17.38041 17.24337 16.77112 16.66396 17.22551 17.44418 17.47498 17.55689 17.3466 17.34326
17.5721 17.79194 17.50344 17.70243 17.91323 17.84462 17.70947 17.88485 17.63863 17.69478 17.69754 17.68692 17.99004 17.96696 18.0056 17.87677 17.75171 17.24543 17.21166 17.48975 17.26681 17.29424 17.55538 17.61445 17.32093 17.27566 17.50495 17.74735 17.68387 17.5561 17.49268 17.59678 17.70256 17.62056 17.38856 17.44568 17.69844 17.80737 17.76978 17.9272 17.91285 17.372 17.60336 17.69238 17.3651 17.35027 17.74944 17.55807 17.43793 17.56192 17.47053 17.41653 17.19985 17.10299 17.15077 17.03813 17.01144 17.02025 17.18556 17.24517 17.40782 17.38964 17.38115
