data/san_antonio/dem3.asc
ncols         844
nrows         477
xllcorner     782139.67535907
yllcorner     4079773.4429045
cellsize      3.4357867528787
NODATA_value  -9999
[rows 168 to 195 of 477, columns 252 to 314 of 844]
18.48199 18.49728 18.62169 18.57248 18.61528 18.55702 18.58923 18.5165 18.56277 18.54711 18.51099 18.53208 18.5185 18.56321 18.52433 18.51814 18.52875 18.438 18.46903 18.53753 18.51568 18.5342 18.48307 18.46919 18.53604 18.49024 18.50011 18.54079 18.52592 18.5118 18.52193 18.51741 18.47584 18.4376 18.52545 18.51119 18.44925 18.46256 18.4178 18.40845 18.41043 18.43858 18.36233 18.37267 18.31131 18.39958 18.50261 18.57216 18.51608 18.41111 18.4541 18.48324 18.6546 18.26392 18.29934 18.53088 18.63214 18.52428 18.35642 18.16811 18.26185 18.3497 18.53819
18.48927 18.64096 18.58447 18.6586 18.58475 18.61205 18.58134 18.52881 18.52303 18.49882 18.52451 18.49259 18.51486 18.55502 18.55142 18.43708 18.44354 18.43465 18.40911 18.43309 18.40156 18.55494 18.54034 18.5204 18.50357 18.50296 18.52526 18.50927 18.50004 18.42214 18.42735 18.44024 18.4191 18.46527 18.50944 18.47998 18.45088 18.44108 18.46244 18.43162 18.39566 18.38173 18.35334 18.30685 18.27756 18.41339 18.48011 18.30771 18.46484 18.50252 18.53698 18.50445 18.64143 18.77287 18.71264 18.7828 18.82322 18.20317 18.13261 18.11386 18.15973 18.16002 18.45454
18.61614 18.598 18.56399 18.62238 18.6436 18.62908 18.51346 18.49734 18.5021 18.55896 18.49154 18.50458 18.51372 18.48986 18.49043 18.46167 18.45624 18.46156 18.45987 18.42969 18.43986 18.432 18.44171 18.44515 18.44445 18.42164 18.45285 18.48506 18.44829 18.42631 18.52793 18.48641 18.39299 18.41556 18.47388 18.44951 18.52727 18.50894 18.46529 18.38467 18.32793 18.30561 18.35202 18.54064 18.47102 18.67302 18.71373 18.52198 18.61116 18.63214 18.61971 18.58704 18.62613 18.75347 18.88947 18.95974 18.8274 18.50792 18.14406 18.17481 18.21481 18.4287 18.54115
18.47807 18.60595 18.57799 18.5866 18.48977 18.52627 18.51773 18.49463 18.52802 18.50428 18.45334 18.43816 18.4876 18.45455 18.49117 18.44826 18.44753 18.58004 18.62714 18.57526 18.50005 18.48276 18.49506 18.4177 18.45746 18.43166 18.41852 18.51971 18.45175 18.46161 18.5272 18.51665 18.48339 18.41 18.45689 18.44658 18.60742 18.66064 18.50009 18.40366 18.42369 18.36672 18.43105 18.78313 18.80961 18.89071 18.8275 18.7603 18.75999 18.86534 18.76235 18.65944 18.64952 18.6899 18.61143 18.93413 18.81507 18.5874 18.26645 18.47901 18.42051 18.67991 18.74485
18.56971 18.62665 18.63721 18.60202 18.47039 18.48373 18.54935 18.45706 18.47802 18.51843 18.47842 18.48368 18.46233 18.52068 18.40211 18.39648 18.48285 18.60834 18.73092 18.70355 18.68732 18.53508 18.49145 18.42418 18.38179 18.41967 18.41744 18.40255 18.37659 18.69359 18.70011 18.57138 18.46174 18.38143 18.43106 18.44941 18.65422 18.77509 18.53887 18.41747 18.39234 18.32812 18.37201 18.72282 18.79279 18.83293 18.86956 18.97525 18.83383 18.79674 18.88205 18.68054 18.74199 18.9165 19.02106 19.0096 18.94743 18.70468 18.65523 18.57366 18.69226 18.79856 18.89446
18.56535 18.58286 18.59607 18.5548 18.49051 18.49214 18.49341 18.4471 18.41816 18.4373 18.42336 18.47166 18.48959 18.5163 18.48246 18.45704 18.44786 18.53598 18.68683 18.6211 18.5903 18.54504 18.45881 18.4707 18.33176 18.44448 18.40084 18.3664 18.42629 18.66395 18.71077 18.5401 18.39272 18.34205 18.32923 18.42436 18.62329 18.7214 18.5412 18.44968 18.3981 18.44283 18.43902 18.47598 18.58268 18.62074 18.75346 18.88306 18.90114 18.78149 18.71764 18.68253 18.5469 18.88207 18.9639 18.92336 18.99371 18.8917 18.63926 18.38566 18.74174 18.68225 18.74664
18.5184 18.55478 18.57577 18.45117 18.4656 18.44705 18.43431 18.43142 18.438 18.44563 18.42922 18.42283 18.46941 18.43964 18.41495 18.37561 18.37568 18.39321 18.57417 18.52345 18.55585 18.50655 18.51945 18.47527 18.44032 18.44875 18.41329 18.40786 18.52561 18.41021 18.4777 18.49525 18.42942 18.49601 18.55415 18.66192 18.63879 18.70244 18.61908 18.53523 18.48221 18.4364 18.44385 18.29545 18.63407 18.69099 18.81203 18.90939 18.87976 18.79704 18.78761 18.82257 18.71511 18.90286 18.78601 18.86333 18.93884 18.90907 18.9366 18.91495 18.87043 18.89388 18.85008
18.50085 18.53942 18.5365 18.53703 18.49048 18.46357 18.5047 18.44195 18.45596 18.45892 18.43187 18.4479 18.48062 18.50596 18.48457 18.43895 18.55779 18.47969 18.41441 18.55358 18.69624 18.67603 18.54694 18.51423 18.4276 18.36499 18.43831 18.75678 18.74276 18.46614 18.39683 18.39895 18.56036 18.73059 18.87968 18.61037 18.50717 18.70904 18.8196 18.63419 18.58343 18.58806 18.4841 18.34918 18.70794 18.90276 18.82759 19.03195 18.90966 18.78662 18.84074 18.83304 18.77588 18.81 18.84828 18.8698 18.91907 18.87722 18.89444 18.88792 18.89952 18.96198 18.81796
18.57904 18.53601 18.60952 18.5974 18.53153 18.46808 18.45778 18.41114 18.48081 18.50216 18.42068 18.38977 18.41514 18.52861 18.54679 18.42846 18.47589 18.40093 18.40196 18.49524 18.71795 18.85088 18.74105 18.7079 18.68914 18.50556 18.4999 18.91653 18.88854 18.59702 18.52504 18.50506 18.69674 18.87941 18.98927 18.54841 18.48845 18.80955 18.85831 18.9333 18.72189 18.6612 18.55382 18.53255 18.46774 18.53269 18.67643 18.82812 18.87004 18.88681 18.83135 18.81235 18.80792 18.79934 18.74503 18.67903 18.75594 18.89835 18.77177 18.7059 18.70303 18.74979 18.53739
18.54585 18.50975 18.54809 18.5643 18.4765 18.48141 18.53937 18.57355 18.51319 18.45692 18.45158 18.42844 18.36772 18.32589 18.37892 18.39791 18.42722 18.37367 18.28232 18.36614 18.59378 18.7932 18.93873 18.89017 18.86441 18.70156 18.4783 18.62593 18.70615 18.67318 18.58446 18.70003 18.86327 18.92352 18.90379 18.55725 18.58887 18.85497 18.7541 18.88397 18.74298 18.57459 18.46477 18.38342 18.53628 18.70167 18.78702 18.73047 18.74375 18.87741 18.73778 18.75405 18.74222 18.792 18.84978 18.77074 18.8151 18.89192 18.88238 18.80799 18.84967 18.66031 18.54901
18.58584 18.52045 18.62763 18.57646 18.55588 18.58826 18.56438 18.60841 18.62232 18.51339 18.474 18.45646 18.42154 18.41898 18.39466 18.34161 18.32599 18.32033 18.33638 18.50888 18.66311 18.85585 18.94226 19.02005 18.99491 18.80309 18.8572 18.73061 18.80361 18.71466 18.69638 18.68857 18.88344 18.98743 18.82082 18.54519 18.55986 18.8256 18.88672 18.74814 18.57475 18.56574 18.56384 18.46552 18.4935 18.59572 18.78271 18.89989 18.86347 18.6999 18.81991 18.74009 18.81869 18.86471 18.8469 18.79322 18.75203 18.76004 18.70132 18.86321 18.49924 18.30109 18.5833
18.62201 18.64512 18.66164 18.55162 18.56761 18.6961 18.73017 18.66492 18.68312 18.61928 18.49314 18.42952 18.42681 18.50112 18.39665 18.29394 18.30593 18.32133 18.33523 18.37722 18.53665 18.7286 18.8335 18.83579 18.79471 18.75313 18.78751 18.81736 18.81312 18.75968 18.68634 18.61356 18.65698 18.80144 18.82088 18.68184 18.51536 18.86659 18.75238 18.67888 18.67072 18.80891 18.85092 18.72018 18.78493 18.71515 18.71886 18.74135 18.85584 18.6429 18.73094 18.82268 18.66534 18.83073 18.78753 18.76873 18.70482 18.68227 18.73571 18.81997 18.54188 18.20032 18.38393
18.65296 18.61142 18.66075 18.68771 18.71323 18.69895 18.66839 18.76052 18.85856 18.68527 18.56205 18.46022 18.56206 18.52443 18.51701 18.36587 18.40619 18.30492 18.29988 18.32246 18.29529 18.34819 18.56325 18.76856 18.72648 18.72091 18.6582 18.53594 18.72024 18.89802 18.83661 18.67004 18.71798 18.80671 19.00431 18.9018 18.70395 18.82084 18.70089 18.49662 18.67991 18.81538 18.85196 18.76385 18.6361 18.71082 18.73602 18.84105 18.83781 18.73614 18.72286 18.66947 18.7274 18.73319 18.68509 18.64916 18.79099 18.77024 18.64405 18.84406 18.43832 18.30956 18.33114
18.63382 18.71888 18.75238 18.76494 18.77509 18.76826 18.73825 18.77149 18.79678 18.69172 18.62121 18.5417 18.53008 18.5814 18.53053 18.49337 18.45818 18.42994 18.44647 18.40504 18.44403 18.42979 18.35319 18.52389 18.62567 18.70505 18.67596 18.52019 18.77539 18.92582 18.84472 18.83408 18.80572 18.72929 18.9334 18.82997 18.66506 18.79687 18.78462 18.64182 18.74428 18.72944 18.75564 18.7014 18.75142 18.82768 18.79642 18.78656 18.84364 18.80789 18.73818 18.81872 18.71243 18.75744 18.75038 18.64078 18.74074 18.78926 18.77384 18.59928 18.40325 18.28448 18.26082
18.62659 18.75269 18.68041 18.74782 18.75775 18.7375 18.77931 18.76096 18.78215 18.75674 18.76567 18.59042 18.61219 18.57381 18.61864 18.5358 18.54742 18.56776 18.57262 18.51648 18.52103 18.45179 18.44109 18.32424 18.45467 18.63348 18.52997 18.79231 18.78506 18.67616 18.76925 18.68697 18.60729 18.61878 18.81255 18.80275 18.74006 18.86941 18.84771 18.82903 18.80604 18.77571 18.76452 18.94181 18.8224 18.82452 18.76006 18.67591 18.68626 18.65276 18.64138 18.60179 18.63507 18.61224 18.64219 18.59529 18.53847 18.60181 18.65384 18.41232 18.31587 18.30087 18.25653
18.73392 18.73061 18.74388 18.75979 18.82797 18.78436 18.7445 18.72134 18.7521 18.83046 18.68571 18.66063 18.64568 18.62311 18.62423 18.55326 18.50003 18.54126 18.47047 18.4766 18.50469 18.57973 18.55026 18.43795 18.35411 18.32898 18.29891 18.43859 18.47329 18.4035 18.30051 18.31187 18.42764 18.41393 18.4846 18.706 18.6813 18.72699 18.77228 18.71159 18.66896 18.61566 18.50132 18.59074 18.38257 18.75227 18.7116 18.71498 18.66272 18.57004 18.56458 18.66227 18.68974 18.69823 18.6475 18.6024 18.55267 18.5161 18.5872 18.26876 18.27706 18.29086 18.36032
18.74991 18.74514 18.75964 18.758 18.68065 18.79185 18.79828 18.768 18.7896 18.712 18.72129 18.65899 18.62122 18.61334 18.6207 18.53826 18.36549 18.26723 17.78716 18.22171 18.51507 18.60287 18.60928 18.47398 18.47389 18.49456 18.49113 18.45438 18.4083 18.4017 18.38108 18.36524 18.41694 18.31523 18.4033 18.33282 18.2931 18.33621 18.5205 18.3718 18.36294 18.49715 18.41022 18.24099 18.21178 18.406 18.46291 18.53308 18.54602 18.50977 18.48069 18.54229 18.85936 18.74659 18.81264 18.83803 18.80633 18.72687 18.57456 18.34724 18.27765 18.31167 18.31451
18.69042 18.73994 18.68877 18.69016 18.78591 18.81943 18.86195 18.84702 18.83445 18.77933 18.80401 18.7035 18.68328 18.75439 18.64969 18.68034 18.47371 18.16918 17.99404 17.87689 18.60617 18.5852 18.56449 18.5348 18.54452 18.58791 18.58608 18.57188 18.52647 18.4874 18.44081 18.5249 18.4698 18.39877 18.32748 18.29405 18.22848 18.25229 18.30526 18.22983 18.15095 18.25414 18.33926 18.28125 18.29036 18.40744 18.48056 18.55761 18.41319 18.35154 18.24651 18.42122 18.6136 18.59889 18.58131 18.58445 18.55697 18.55864 18.35873 18.33696 18.31433 18.34709 18.32908
18.77161 18.70701 18.7758 18.84461 18.86205 18.85745 18.87567 18.93395 18.84451 18.71988 18.71904 18.68932 18.73558 18.73929 18.6652 18.75364 18.70141 18.42004 18.49842 18.59445 18.51168 18.64507 18.57911 18.55447 18.58634 18.62818 18.64171 18.57094 18.59019 18.59611 18.55866 18.536 18.46157 18.48904 18.47745 18.38917 18.30788 18.28689 18.29367 18.24523 18.29099 18.32694 18.36714 18.39682 18.39242 18.40838 18.46047 18.43636 18.46457 18.36449 18.23129 18.37293 18.51895 18.61156 18.49258 18.50536 18.34724 18.32364 18.26682 18.30545 18.34172 18.30532 18.3314
18.62428 18.65009 18.65673 18.83798 18.82598 18.82162 18.76513 18.7411 18.72075 18.6119 18.52635 18.53237 18.52115 18.61987 18.72474 18.7471 18.76304 18.70988 18.74744 18.6567 18.52705 18.56513 18.51907 18.5469 18.56349 18.58743 18.63202 18.71002 18.74977 18.63928 18.65722 18.60381 18.66325 18.63268 18.53521 18.46836 18.41898 18.35327 18.34345 18.40419 18.4278 18.50737 18.41018 18.3511 18.46088 18.46695 18.56698 18.43923 18.46814 18.38733 18.27195 18.25489 18.38196 18.53521 18.35851 18.36424 18.34107 18.34518 18.2923 18.34498 18.31027 18.3699 18.2969
18.67714 18.7522 18.71993 18.78616 18.81465 18.76775 18.74337 18.71907 18.7357 18.40354 18.27565 18.44401 18.54196 18.55714 18.52594 18.56203 18.62981 18.64874 18.65114 18.66247 18.63694 18.60339 18.56173 18.58821 18.51184 18.57441 18.53318 18.62572 18.1443 18.29368 18.51037 18.73371 18.57713 18.46012 18.41238 18.43162 18.2667 17.97304 18.23135 18.41372 18.42466 18.42668 18.46009 18.48518 18.63864 18.52538 18.55362 18.48625 18.39953 18.35857 18.36514 18.32922 18.32991 18.2787 18.25688 18.22877 18.24884 18.25727 18.33965 18.4085 18.32342 18.33126 18.24613
18.80598 18.79564 18.77251 18.80837 18.78869 18.83452 18.78607 18.75588 18.76641 18.37914 18.2122 18.33578 18.53406 18.65742 18.38454 18.38893 18.62183 18.65288 18.56171 18.52993 18.59374 18.63898 18.55899 18.58502 18.55094 18.46018 18.1224 18.18521 18.18289 18.1659 18.19413 18.53021 18.54604 18.46691 18.4354 18.36086 18.15333 18.11251 18.09271 18.39909 18.45217 18.43981 18.68765 18.47812 17.99293 18.55894 18.34636 18.27865 18.25624 18.37176 18.40183 18.37386 18.29189 18.40238 18.4535 18.49374 18.26427 18.35492 18.43974 18.52007 18.41787 18.35883 18.51306
18.83631 18.76623 18.82323 18.80663 18.83483 18.83174 18.79003 18.8175 18.74695 18.39722 18.17106 18.33379 18.28691 18.61483 18.33328 18.44625 18.65972 18.55519 18.64394 18.69061 18.63959 18.57936 18.60377 18.57249 18.58351 18.41101 18.05814 18.09275 18.33717 18.13344 18.43344 18.59443 18.58795 18.53854 18.48691 18.68443 18.3186 18.55432 18.42587 18.09535 18.51822 18.57569 18.51528 18.35999 18.06182 17.99139 18.2693 18.2875 18.32177 18.29162 18.36694 18.37421 18.27835 18.36518 18.39091 18.43143 18.3495 18.32136 18.47321 18.45504 18.31259 18.36297 18.46923
18.77685 18.83656 18.76181 18.85912 18.74183 18.79558 18.82723 18.84535 18.88592 18.5646 18.46593 18.13937 18.00442 18.58599 18.60674 18.64477 18.77364 18.6435 18.64753 18.57206 18.61397 18.6333 18.73644 18.80295 18.75779 18.52569 18.27528 18.28661 18.36231 18.4304 18.59324 18.54718 18.46216 18.60658 18.46485 18.74815 18.75809 18.59248 18.51135 18.36881 18.59565 18.40568 18.36996 18.39322 18.0349 17.91028 18.21425 18.05276 18.34933 18.52346 18.56855 18.57873 18.53099 18.42537 18.33823 18.40196 18.32603 18.48157 18.45772 18.55049 18.23931 18.26913 17.93489
18.89797 18.92135 18.74465 18.81338 18.70649 18.71937 18.67104 18.75609 18.72413 18.64748 18.6825 18.70896 18.63753 18.63848 18.66524 18.67474 18.64981 18.70246 18.58528 18.6461 18.5887 18.58751 18.62779 18.7642 18.83884 18.62072 18.55467 18.53842 18.48501 18.4493 18.56124 18.47479 18.38664 18.53674 18.48834 18.71052 18.71441 18.71302 18.74475 18.73076 18.61344 18.49069 18.54458 18.18249 18.0076 17.98226 18.04228 18.08449 18.29544 18.52126 18.53393 18.63262 18.52464 18.51981 18.52218 18.5075 18.5047 18.4997 18.57828 18.53478 18.06774 17.80704 17.62848
18.84037 19.00094 18.83248 18.77339 18.6472 18.63647 18.67575 18.71021 18.67914 18.6864 18.64146 18.71367 18.71623 18.64467 18.63199 18.71441 18.85407 18.77301 18.70091 18.67679 18.5766 18.66973 18.77601 18.73293 18.91246 18.60346 18.51375 18.64997 18.5403 18.52639 18.51175 18.42674 18.42062 18.66255 18.88028 18.71886 18.71918 18.75977 18.75439 18.53339 18.531 18.52135 18.58286 18.2585 18.11699 18.022 18.2696 18.3155 18.48085 18.51188 18.46738 18.4488 18.47994 18.59627 18.46229 18.39333 18.53104 18.42792 18.38474 18.46897 18.22324 17.88134 18.03931
18.82988 18.83914 18.81874 18.67155 18.73801 18.69552 18.68444 18.72033 18.78126 18.63691 18.62318 18.58856 18.63651 18.65361 18.65697 18.6919 18.8575 18.80398 18.72281 18.72953 18.68442 18.62079 18.64011 18.70376 18.80204 18.37661 18.24222 17.87963 18.31825 18.41393 18.37126 18.39812 18.54979 18.64551 18.82155 18.68916 18.62304 18.7101 18.66508 18.48336 18.48288 18.56404 18.31358 18.33407 18.15452 18.14141 18.27834 18.41919 18.4804 18.48943 18.47248 18.49249 18.24254 18.1552 18.36518 18.45376 18.53408 18.44995 18.38402 18.38491 18.39012 18.02571 18.3223
19.01378 18.84562 18.82306 18.74759 18.76526 18.67074 18.65178 18.74744 18.73344 18.84169 18.67558 18.71835 18.76214 18.75251 18.81286 18.7518 18.71922 18.68069 18.66974 18.70024 18.69264 18.64707 18.54165 18.6206 18.81978 18.73479 18.50277 18.24074 18.40877 18.18444 18.10104 18.32818 18.19261 18.52341 18.16277 18.39674 18.5279 18.53197 18.43324 18.41424 18.44911 18.54131 18.48384 18.42312 18.27555 18.45575 18.63669 18.54877 18.2918 18.47863 18.47985 18.33021 18.36093 18.28853 18.42426 18.44734 18.43732 18.42402 18.44712 18.45234 18.41938 18.3793 18.35625
