data/n_houston/dem3.asc
ncols         340
nrows         328
xllcorner     934454.97368769
yllcorner     4261885.9547522
cellsize      3
NODATA_value  -9999
[rows 47 to 93 of 328, columns 192 to 287 of 340]
83 82 81 82 84 86 73 49 41 55 76 83 81 79 79 80 81 82 83 84 85 86 87 88 88 88 90 93 97 102 106 110 114 118 123 127 129 130 132 132 130 130 131 129 130 129 128 127 127 128 129 130 132 131 131 132 131 131 132 133 133 134 137 139 141 143 147 151 154 156 159 162 165 168 171 174 177 179 181 183 184 184 184 186 186 187 187 186 185 184 183 181 177 176 174 169
82 81 81 82 84 82 62 41 44 64 80 82 80 78 79 79 81 82 82 83 85 86 87 88 88 88 89 92 96 99 103 108 113 117 123 127 129 131 132 131 131 132 132 130 129 129 128 127 128 128 128 129 131 130 131 131 131 131 131 132 132 133 134 135 137 140 144 146 147 150 154 157 160 163 167 170 173 175 177 180 182 182 182 183 185 185 185 186 187 188 185 182 179 176 171 168
80 80 81 82 83 74 50 37 50 72 84 83 80 78 80 80 81 81 81 83 85 85 86 88 88 88 89 91 95 99 102 107 112 117 123 126 127 130 130 129 131 133 133 131 129 129 129 129 129 128 128 128 130 131 131 131 131 131 131 131 131 130 131 132 134 137 140 141 142 145 148 152 156 159 162 166 169 171 173 175 177 179 179 180 182 183 183 184 185 186 184 182 179 174 170 171
78 80 82 83 83 66 42 36 53 74 85 83 81 78 78 79 80 80 81 83 85 84 85 87 88 90 91 93 96 100 103 107 111 116 121 124 126 129 130 129 131 134 133 132 131 130 130 130 131 130 129 129 130 131 131 130 130 130 130 130 130 129 130 131 132 134 136 137 139 141 144 148 151 155 158 161 164 167 169 171 173 175 176 177 178 180 180 180 181 182 181 179 176 171 171 176
75 79 82 84 83 61 38 37 57 76 84 83 80 78 77 78 78 79 81 84 85 85 86 88 90 91 93 94 96 100 103 106 110 115 120 123 125 129 130 130 132 134 133 134 132 130 129 131 132 132 131 129 129 130 130 130 130 129 128 129 130 130 130 130 130 131 133 135 136 138 141 144 147 150 152 154 158 162 164 165 167 170 172 173 174 175 176 177 177 178 177 177 173 169 173 178
74 77 81 85 83 62 38 41 63 80 85 83 79 77 76 76 77 79 82 84 85 86 87 89 91 92 92 94 96 98 101 104 109 113 118 122 124 129 129 129 132 134 134 135 133 130 129 130 132 131 130 129 129 129 130 130 130 129 128 129 130 133 131 129 128 130 131 132 134 136 138 140 143 145 147 150 152 155 158 159 162 165 167 168 169 171 173 174 174 174 175 175 170 168 173 177
74 76 80 83 82 60 38 46 70 85 87 84 78 77 75 74 76 79 81 83 85 85 85 88 90 92 92 93 95 96 98 103 107 111 115 119 122 127 128 128 131 134 136 135 133 132 131 131 131 131 130 130 130 130 130 131 131 130 130 130 130 134 132 130 129 129 129 130 133 135 135 136 139 141 142 145 148 151 154 154 156 160 161 162 164 167 169 171 170 170 172 172 168 169 174 175
74 76 79 82 81 56 39 53 76 87 87 86 80 76 72 71 74 78 81 83 86 86 86 87 88 90 91 92 94 96 97 101 106 110 113 117 121 125 128 128 129 133 137 136 135 135 133 133 133 132 131 132 132 132 131 131 131 132 131 131 130 131 131 130 129 128 128 129 131 132 132 133 136 137 138 142 145 148 151 150 150 153 156 158 160 163 165 167 167 168 171 170 165 170 172 173
77 76 75 80 78 52 39 54 76 86 86 86 80 75 69 69 74 77 81 83 85 86 86 86 87 89 90 92 93 95 97 100 105 110 113 115 120 123 128 128 129 134 139 136 135 135 134 135 135 134 133 133 131 131 131 131 131 132 132 131 131 131 130 130 129 128 128 129 129 129 130 132 134 136 137 138 142 144 147 146 146 150 153 156 157 157 159 161 163 165 170 170 163 168 171 171
79 77 74 76 77 53 39 54 76 86 86 84 79 74 70 70 74 77 80 82 85 85 86 87 89 90 90 91 92 94 96 99 104 109 112 115 118 122 126 127 128 132 136 136 134 133 132 133 135 135 133 131 131 132 132 131 130 130 130 130 131 130 130 130 129 128 127 128 127 128 129 131 133 136 137 136 139 141 143 142 142 146 149 151 152 153 155 156 158 161 164 165 160 164 166 169
78 77 74 72 74 53 38 53 76 87 87 85 80 73 71 71 73 76 78 81 83 85 86 88 89 90 91 93 92 93 95 98 103 108 111 114 116 120 123 126 127 129 132 133 134 132 130 131 132 132 132 133 133 133 133 132 130 131 132 130 131 130 130 130 129 127 126 126 126 127 129 130 132 134 135 135 137 139 142 140 138 142 144 145 146 148 149 150 152 155 158 160 156 160 161 166
76 76 74 70 73 53 37 50 75 87 87 85 82 73 70 70 71 74 77 81 83 84 86 88 90 91 92 93 93 93 94 98 103 107 109 111 114 117 120 123 125 126 128 131 133 132 131 130 130 131 132 135 135 134 134 133 132 132 133 131 130 130 131 131 130 129 127 126 125 127 128 130 132 133 133 135 136 137 141 138 136 139 141 142 143 144 144 146 148 151 154 157 153 160 162 164
76 76 76 74 75 55 37 44 69 85 86 84 83 73 69 68 69 73 77 80 83 85 86 88 90 91 92 93 93 94 94 98 102 104 106 109 112 114 117 120 122 124 126 127 130 131 130 130 130 132 133 135 136 134 135 135 134 133 133 132 131 131 132 132 131 130 128 126 125 126 128 130 132 132 132 133 134 135 140 137 133 136 138 140 140 140 141 143 145 147 150 153 151 157 161 162
77 76 78 79 78 60 39 38 60 80 86 84 83 75 69 67 68 72 76 79 82 84 86 88 90 91 92 93 94 94 95 99 101 102 104 107 111 113 115 118 121 123 125 124 125 127 129 130 131 132 134 135 135 134 135 136 136 135 133 133 133 132 132 132 131 130 129 127 126 126 127 129 131 132 132 132 132 134 139 136 131 133 137 137 138 139 140 141 142 144 146 150 149 152 156 157
76 74 77 81 82 68 44 35 52 74 84 84 82 77 70 68 68 69 74 77 80 83 85 88 90 92 94 95 95 95 97 100 101 102 104 107 110 113 115 116 119 122 124 123 122 123 127 130 130 132 135 135 135 133 134 136 137 136 135 135 135 134 132 131 130 130 130 128 127 128 127 128 129 131 132 132 132 133 137 135 131 132 136 137 136 138 139 139 140 141 143 146 146 147 151 154
75 72 74 79 82 73 49 34 43 65 82 85 82 79 74 70 67 67 71 76 80 83 86 88 90 93 96 96 97 95 99 103 104 104 107 109 111 112 114 115 117 120 122 123 121 120 125 128 129 130 133 134 134 135 135 136 137 137 136 135 135 134 132 131 131 131 131 129 128 128 128 127 128 130 132 132 132 132 135 134 130 131 136 136 136 138 138 137 137 139 140 142 142 144 148 150
76 74 75 78 80 76 52 34 35 52 74 84 82 79 76 73 69 66 68 73 78 82 85 88 90 92 95 96 96 96 100 105 107 107 108 109 110 111 112 114 116 118 121 122 123 122 123 126 127 129 132 134 135 136 137 139 140 139 138 138 138 137 136 134 133 132 131 130 129 128 128 127 127 129 130 131 131 131 134 132 129 130 134 136 137 138 137 136 136 137 138 139 140 143 145 146
78 76 76 77 79 73 53 37 31 39 58 81 84 81 78 78 75 69 66 69 75 80 83 86 88 90 93 96 96 98 101 106 107 107 108 109 109 110 112 114 115 117 119 121 123 124 123 124 127 129 131 133 136 138 140 141 141 141 141 142 142 141 140 138 136 134 133 131 130 129 128 127 126 127 128 129 129 131 134 131 128 129 133 135 136 136 135 134 135 136 137 138 139 140 143 144
79 77 76 76 74 63 53 50 41 34 39 55 71 78 78 78 77 73 68 67 72 77 80 83 86 90 93 96 98 99 101 104 105 107 108 109 110 111 112 114 115 116 117 119 122 123 122 123 126 129 131 134 138 140 142 144 145 145 145 145 145 144 142 140 139 137 134 132 130 129 128 126 125 126 127 128 129 132 135 132 127 128 132 134 134 134 133 133 134 135 136 137 136 141 144 142
80 78 76 75 71 58 56 65 60 44 34 35 44 51 59 65 70 71 70 67 68 73 77 81 84 89 92 94 97 99 101 102 103 106 108 109 110 111 113 114 115 115 117 118 119 120 120 122 125 127 130 134 138 141 144 145 146 146 147 147 147 148 145 143 142 139 135 132 129 128 128 127 126 127 127 128 130 132 133 130 125 127 132 133 132 132 132 133 134 135 135 138 135 140 142 141
82 78 76 75 72 61 60 72 75 65 53 43 36 34 39 45 51 56 61 64 67 70 74 78 81 86 90 91 95 99 100 101 102 106 109 109 110 112 114 114 114 115 117 118 117 118 120 122 124 126 130 134 137 141 144 146 146 146 147 148 149 149 147 145 143 140 135 133 130 129 128 127 127 127 127 127 129 131 131 127 125 128 132 133 132 132 132 133 134 134 135 138 134 137 140 139
83 79 77 76 75 65 59 71 80 83 80 68 58 51 45 40 38 38 43 55 66 68 71 75 78 81 86 90 94 98 100 101 102 105 109 110 110 112 113 113 114 116 117 117 116 119 121 122 123 125 129 132 136 140 144 146 147 146 147 149 149 149 147 146 144 140 137 135 132 130 128 127 126 126 126 126 128 130 129 126 126 129 132 133 133 133 133 133 133 134 136 137 135 137 138 136
83 80 77 75 75 69 58 65 77 84 85 84 80 76 70 63 53 40 34 43 61 68 68 72 75 78 83 88 93 97 100 101 102 105 108 110 110 112 113 113 114 116 117 117 117 118 119 120 122 125 128 131 136 140 143 146 147 146 147 148 149 149 148 148 145 141 138 136 133 131 129 126 125 124 125 125 127 129 128 126 126 130 132 131 132 134 134 133 132 134 137 137 136 137 136 135
83 80 76 74 75 75 65 59 69 81 87 86 83 81 82 82 76 60 41 35 48 66 67 69 72 75 79 85 90 95 98 100 102 105 108 110 110 112 113 114 114 115 116 116 116 118 120 120 122 125 128 131 136 139 142 144 146 146 147 148 150 150 149 148 145 142 139 136 134 131 128 126 124 125 126 126 128 129 127 124 126 130 132 131 131 133 133 133 132 134 137 136 136 137 135 134
83 80 76 73 73 75 72 64 63 73 85 86 84 83 83 83 81 71 51 35 39 59 66 67 70 74 76 81 87 91 94 98 102 106 108 110 111 113 114 115 115 114 114 114 115 119 120 120 121 124 127 130 134 138 140 142 144 146 147 149 150 151 150 148 146 143 140 137 134 132 128 126 125 125 126 127 128 128 127 125 126 130 132 131 131 131 131 131 133 135 136 134 134 136 135 134
82 79 76 74 73 74 74 67 61 65 79 86 85 83 81 81 80 75 60 40 35 50 63 67 69 72 74 77 83 88 91 96 101 105 108 110 113 114 115 115 115 115 114 114 115 118 118 117 119 122 126 130 133 136 139 141 143 144 147 149 151 151 150 148 147 144 141 139 135 132 129 127 126 126 126 127 128 128 129 128 129 131 132 131 130 130 131 133 134 135 134 132 133 134 134 134
82 80 78 76 74 74 74 70 63 62 73 84 85 82 81 82 81 77 67 49 33 38 53 64 67 69 71 74 79 85 90 95 99 103 108 111 113 115 116 116 115 115 114 114 115 117 117 116 117 121 124 129 133 136 139 141 142 144 146 149 151 150 149 148 147 144 141 139 135 132 130 128 127 127 127 127 128 128 129 130 131 132 132 131 131 131 132 132 134 134 133 132 132 132 133 134
83 81 79 77 75 74 74 72 67 63 66 79 85 83 82 83 83 80 74 61 37 31 39 56 66 68 69 72 76 82 89 94 98 102 107 110 113 115 116 116 115 115 114 115 115 115 115 116 117 119 123 127 131 135 138 139 141 144 146 148 149 149 148 147 146 143 140 139 136 134 131 130 129 128 128 128 128 128 129 130 132 133 133 132 132 132 132 132 132 133 131 132 132 131 132 133
82 81 80 78 76 74 72 72 70 65 62 72 83 82 82 83 83 82 80 71 46 32 31 45 61 68 68 72 75 81 87 93 97 101 105 109 112 114 116 116 115 115 115 115 116 114 114 115 116 118 121 124 129 133 135 137 139 142 144 146 146 146 147 146 144 142 140 140 137 135 133 132 131 130 130 130 129 128 128 128 130 132 133 133 132 132 132 132 132 131 129 133 132 130 129 130
81 80 79 78 76 74 72 70 71 68 62 64 77 80 80 82 83 82 80 75 61 43 35 35 51 66 68 71 75 79 84 90 94 99 104 108 112 113 114 115 115 115 115 115 115 113 112 112 114 116 119 122 126 129 132 134 136 138 141 143 144 143 145 145 143 141 140 140 138 136 134 133 132 132 131 130 130 129 128 128 129 132 133 133 133 132 132 132 131 129 129 132 132 129 127 128
81 79 78 76 75 74 72 70 69 68 63 59 69 77 80 81 82 81 79 79 80 67 52 35 38 57 68 69 72 76 80 85 91 97 102 107 110 112 114 115 115 115 114 114 115 114 111 110 111 114 117 119 123 127 129 131 133 136 139 140 141 142 143 143 143 142 141 140 138 136 135 133 133 132 132 130 130 130 130 129 130 133 134 135 133 133 133 132 128 127 132 132 130 128 127 129
81 79 77 76 76 75 74 72 69 68 64 58 64 74 78 79 80 80 79 79 80 81 73 44 33 48 66 67 69 73 77 82 87 94 100 105 109 112 114 116 115 114 114 113 113 113 111 111 111 111 113 117 121 124 126 128 130 133 136 137 138 139 140 141 141 141 140 139 138 136 135 133 132 132 131 129 130 131 130 129 130 132 135 135 134 134 133 130 127 129 134 131 129 127 126 127
82 79 78 78 77 76 75 72 71 71 69 63 60 70 76 76 77 78 79 79 80 80 81 55 34 39 58 67 66 69 74 79 84 91 96 102 106 109 112 115 116 115 114 114 113 111 112 112 111 110 110 114 118 121 124 126 128 131 134 135 135 135 136 138 139 139 139 138 137 136 134 133 132 131 131 129 129 131 130 128 128 131 134 134 134 133 131 127 127 132 134 131 128 125 126 127
83 81 80 79 78 75 73 72 72 72 71 68 62 63 72 76 76 77 78 79 79 80 82 61 38 33 49 65 64 66 71 77 83 88 94 99 104 107 111 114 116 116 115 115 114 113 112 111 111 109 108 109 112 117 120 123 126 129 131 132 133 134 134 136 137 137 136 136 136 134 133 132 132 132 131 130 129 129 129 128 129 131 134 134 134 133 130 126 127 131 130 130 126 125 125 125
84 82 81 79 77 75 73 74 73 72 71 70 65 60 66 73 76 76 77 78 79 81 82 64 40 30 41 59 62 65 69 74 80 86 92 97 103 107 111 113 116 117 117 115 114 114 112 110 109 109 108 108 109 113 117 119 122 125 128 130 130 132 132 133 134 134 134 134 134 133 132 131 131 131 130 129 129 130 130 129 129 130 133 133 133 131 127 126 128 130 129 129 126 124 123 123
85 82 81 81 79 75 75 75 73 72 71 70 67 62 61 68 73 75 75 77 78 80 82 69 45 29 36 52 62 65 67 71 77 83 89 94 100 105 110 113 115 117 117 115 114 114 112 111 110 109 109 108 109 111 113 115 118 121 125 127 128 130 130 131 132 132 131 132 132 132 131 130 130 129 128 128 129 130 131 130 129 129 132 132 133 133 128 126 128 129 129 128 126 123 122 122
87 84 83 82 80 78 77 75 73 72 72 71 69 65 59 61 69 74 75 76 76 78 80 74 52 32 34 52 63 66 67 68 72 78 84 89 95 101 107 112 115 117 116 115 114 115 115 113 112 110 109 109 110 111 111 112 114 118 122 124 125 127 128 129 130 130 129 129 129 129 130 130 129 129 128 128 128 130 131 130 128 128 131 132 133 134 129 127 128 128 128 128 126 123 121 122
90 88 85 82 81 80 79 76 74 74 73 72 70 66 61 58 63 70 75 76 75 75 77 75 60 41 38 56 65 67 67 66 68 73 79 85 91 98 105 110 114 116 116 117 116 117 117 115 113 111 109 109 109 110 110 111 112 115 119 121 123 124 125 126 127 128 127 127 127 127 128 128 129 128 128 127 128 129 129 129 128 128 131 132 133 131 127 126 128 128 129 129 127 124 122 121
94 90 85 82 82 81 79 77 76 75 73 72 71 68 65 61 59 63 72 76 75 74 73 72 67 54 45 53 67 69 66 66 67 69 74 82 90 95 102 107 113 116 118 119 119 119 117 115 113 111 109 108 108 109 110 110 110 112 116 118 120 120 121 123 124 125 125 126 126 125 126 127 128 128 128 128 129 129 129 128 127 128 131 133 133 132 127 127 129 129 129 130 129 127 123 121
96 91 85 82 82 80 78 77 77 76 75 73 72 70 67 66 61 59 64 72 74 74 73 71 71 66 52 45 65 72 68 65 66 68 71 79 87 92 98 104 110 115 119 121 120 119 117 115 114 112 109 108 108 108 109 109 109 110 113 115 117 118 119 120 122 123 123 124 125 125 126 126 126 127 128 129 130 130 130 129 129 130 132 133 134 133 127 128 130 129 128 130 131 128 124 121
96 92 87 84 84 80 78 77 79 79 78 75 73 71 70 70 68 61 57 63 70 73 74 72 71 69 58 45 63 74 70 66 65 67 70 75 83 89 95 100 107 113 119 121 120 119 118 116 115 113 111 109 109 108 108 107 108 108 110 112 114 117 118 119 121 122 121 121 123 124 125 125 125 125 127 128 130 130 131 131 132 132 133 134 135 132 127 128 131 130 127 129 128 127 125 122
96 93 90 86 85 82 80 79 79 80 78 76 74 72 71 71 71 67 61 57 62 68 74 74 73 69 60 48 57 71 73 68 64 65 69 73 79 86 92 97 103 109 116 119 120 120 119 117 116 115 113 111 110 109 108 107 107 108 108 109 111 114 116 117 118 119 120 119 120 121 122 123 124 124 126 127 128 130 131 131 132 133 133 132 134 132 127 128 130 129 127 128 128 127 125 123
97 95 93 90 86 84 82 80 79 79 78 78 77 74 72 72 70 70 66 60 57 63 73 75 73 70 63 49 47 64 72 70 65 63 66 70 77 84 90 96 102 108 114 117 119 120 120 118 117 116 115 112 111 110 109 107 107 107 107 107 110 112 114 115 115 117 118 119 118 119 120 121 122 123 125 126 127 129 130 131 132 132 131 130 132 132 127 127 129 129 127 127 127 125 123 121
99 97 95 92 87 85 83 81 79 79 79 80 79 76 74 72 71 70 69 65 58 58 69 74 74 70 61 46 42 55 68 71 67 64 65 68 73 80 88 95 101 107 112 115 119 120 120 119 118 117 116 115 114 111 109 108 107 106 106 106 108 111 112 113 114 115 117 117 117 117 118 120 121 122 124 125 127 129 129 130 131 132 130 129 130 131 127 127 130 129 127 127 126 124 122 121
100 98 96 94 88 85 83 82 80 80 80 80 78 76 75 73 72 70 69 67 62 57 64 71 74 68 55 43 45 52 64 71 71 66 64 67 70 77 84 93 100 105 110 114 119 121 120 120 119 118 118 118 116 113 111 109 108 106 105 105 106 109 111 112 114 115 115 116 116 116 117 118 120 121 123 125 127 129 129 130 132 132 131 130 130 129 126 128 131 130 127 127 126 125 124 123
101 99 97 95 91 87 84 83 81 79 79 80 79 77 76 75 72 70 69 67 64 58 60 69 73 65 49 40 48 53 61 70 72 68 63 64 67 74 81 88 96 101 107 113 119 120 121 121 121 120 119 119 117 115 113 111 109 107 105 104 105 107 110 112 113 113 113 114 115 116 116 117 119 122 123 125 127 128 129 131 132 132 131 131 129 125 123 126 129 130 128 126 125 125 124 123
101 100 98 95 93 91 88 85 80 78 78 79 80 78 77 76 73 72 71 68 66 59 59 67 72 63 47 37 43 49 58 67 71 69 64 61 65 71 77 84 90 96 103 109 117 120 122 123 122 120 120 119 118 117 116 113 110 107 104 103 105 106 109 111 112 112 113 114 115 116 116 117 119 122 124 125 126 127 129 131 131 131 132 131 128 124 122 123 126 127 125 123 124 124 123 122
