data/n_houston/dem3.asc
ncols         340
nrows         328
xllcorner     934454.97368769
yllcorner     4261885.9547522
cellsize      3
NODATA_value  -9999
[rows 0 to 46 of 328, columns 0 to 95 of 340]
0 0 0 0 0 0 0 0 0 0 0 0 0 0 0 0 0 0 0 0 0 0 0 0 0 0 0 0 0 0 0 0 0 0 0 0 0 0 0 0 0 0 0 0 0 0 0 0 0 0 0 0 0 0 0 0 0 0 0 0 0 0 0 0 0 0 0 0 0 0 0 0 0 0 0 0 0 0 0 0 0 0 0 0 0 0 0 0 0 0 0 0 0 0 0 0
77 77 77 77 77 77 77 77 77 77 77 77 78 79 80 81 84 88 90 92 93 94 94 95 95 96 97 98 98 97 96 97 96 95 93 92 90 88 86 86 85 86 86 84 83 86 86 87 89 93 96 98 100 103 106 107 107 106 105 104 104 105 104 102 102 103 103 104 104 102 100 96 92 85 79 77 79 79 77 75 71 66 67 71 77 86 94 95 95 95 94 92 91 92 94 96
77 77 77 77 77 77 77 77 77 77 77 77 78 79 80 81 84 87 90 91 92 93 93 94 95 96 97 98 98 97 97 97 96 95 94 93 91 89 87 86 85 86 87 84 82 86 87 87 89 92 95 98 101 104 106 108 109 107 105 104 104 105 104 102 102 102 103 104 104 104 101 98 93 87 78 72 70 72 71 71 72 67 65 68 75 85 92 95 96 96 94 92 92 92 93 96
77 77 77 77 77 77 77 77 77 77 77 77 77 78 80 81 83 86 89 90 91 92 92 92 94 95 96 97 97 97 97 97 96 96 95 94 92 90 88 87 85 86 86 84 82 85 87 88 89 91 94 98 101 104 105 107 107 107 106 105 105 104 103 102 101 101 103 104 104 105 104 100 95 89 79 69 64 63 63 66 69 69 67 66 71 84 91 94 96 96 96 95 93 92 93 95
77 77 77 77 77 77 77 77 77 77 77 77 77 78 79 81 83 85 88 90 91 91 91 92 94 96 96 97 97 96 98 98 97 97 96 95 93 91 89 87 86 86 86 85 82 83 86 88 89 91 93 97 100 102 104 104 104 105 105 106 107 105 103 101 101 100 102 104 104 105 106 103 98 91 81 69 61 59 59 62 65 66 66 64 66 79 89 93 96 98 99 98 95 92 92 94
77 77 77 77 77 77 77 77 77 77 77 77 77 77 78 80 82 85 87 88 90 91 91 91 94 96 96 97 97 97 98 98 98 97 97 96 94 92 90 88 86 86 86 86 83 82 86 87 89 91 93 95 97 100 102 102 102 103 105 107 107 106 103 102 101 100 102 103 104 106 107 105 101 94 82 69 61 58 59 59 60 61 61 60 62 72 84 90 95 98 100 99 96 93 92 93
77 77 77 77 77 77 77 77 77 77 77 77 77 77 77 78 81 83 85 86 88 90 91 91 93 94 95 96 97 97 97 98 98 98 97 96 95 92 90 88 87 86 86 86 84 82 86 87 88 90 92 94 96 98 100 101 101 103 104 105 106 106 104 103 101 101 102 102 103 105 107 105 101 94 82 69 61 59 59 59 59 59 59 59 60 69 81 86 91 96 99 99 96 93 91 92
78 77 77 77 77 77 77 77 77 77 77 77 77 77 77 78 80 83 84 86 86 87 91 92 92 93 94 95 96 97 97 97 97 97 97 96 94 92 91 88 87 86 86 86 85 82 85 86 88 89 91 93 95 96 98 100 101 103 104 105 106 105 105 104 101 101 101 101 102 105 107 107 102 96 84 70 61 59 59 59 59 59 59 59 60 68 78 83 88 96 102 102 98 94 91 91
81 78 77 77 77 77 77 77 77 77 77 77 77 77 77 77 79 81 84 85 87 88 90 91 92 93 94 94 95 96 96 97 97 98 98 96 94 92 91 89 87 86 85 86 86 84 84 86 88 89 89 92 95 97 98 100 102 104 105 106 105 105 105 104 102 103 102 101 101 103 105 105 104 99 87 73 62 59 59 59 59 59 59 59 60 64 71 79 86 95 102 103 98 95 93 92
83 79 77 77 77 77 77 77 77 77 77 77 77 77 77 77 79 82 83 84 86 88 89 90 91 92 93 94 94 95 95 96 97 98 98 97 95 94 92 90 88 86 85 85 85 84 82 85 87 88 90 92 95 97 99 101 103 105 105 105 106 105 105 105 103 103 102 101 101 101 102 103 103 101 92 78 65 59 59 59 59 59 59 59 59 60 65 73 82 93 101 104 100 96 92 92
86 80 78 77 77 77 77 77 77 77 77 77 77 77 77 77 79 82 82 83 84 86 87 88 90 91 92 93 94 94 95 95 95 96 97 97 96 95 94 91 88 87 86 85 85 85 83 84 86 88 89 91 94 97 99 102 104 106 106 104 105 106 105 103 102 102 101 100 100 100 101 102 103 102 96 84 69 60 59 59 59 59 59 59 59 60 63 69 78 90 98 101 100 97 93 92
88 82 80 78 77 77 77 77 77 77 77 77 77 77 77 77 78 80 81 81 82 83 85 85 88 90 90 91 92 93 94 93 93 94 95 96 95 94 94 91 89 87 86 86 86 86 83 83 86 88 89 90 93 96 99 102 103 105 105 104 104 106 105 103 102 101 100 100 100 100 101 102 103 103 99 90 77 64 59 59 59 59 59 59 59 60 64 67 75 85 95 99 99 96 93 91
92 86 83 80 77 77 77 77 77 77 77 77 77 77 77 77 77 78 79 80 80 82 83 83 85 87 89 89 90 91 92 92 91 92 94 94 93 93 93 91 89 87 86 86 87 86 82 84 86 88 88 89 92 94 97 100 102 103 105 105 106 106 106 103 102 100 100 100 100 100 101 102 103 104 102 96 86 72 61 59 59 59 59 59 59 60 65 67 71 80 90 97 99 97 93 90
96 92 88 83 79 77 77 77 77 77 77 77 77 77 77 77 77 77 77 79 80 80 81 81 82 85 87 87 87 88 90 90 89 91 92 92 92 92 91 90 89 87 86 86 86 85 81 84 86 87 88 89 90 93 95 99 102 104 105 106 107 107 107 104 102 102 100 99 100 100 101 102 103 104 103 100 93 82 67 59 59 59 59 59 59 60 65 68 68 75 86 95 99 98 95 91
101 97 92 87 82 79 77 77 77 77 77 77 77 77 77 77 77 77 77 77 78 79 81 80 81 82 84 84 84 85 87 88 88 90 90 90 91 90 90 89 88 87 87 86 85 82 81 83 85 86 87 87 88 91 94 98 100 103 105 106 107 107 106 105 104 103 101 100 99 99 100 100 102 103 103 102 99 91 75 61 59 59 59 59 59 59 63 67 67 72 83 93 98 100 97 93
104 100 95 89 84 81 78 77 77 77 77 77 77 77 77 77 77 77 77 77 77 78 79 80 80 80 81 82 83 84 85 86 87 88 89 89 89 90 90 89 88 87 87 86 84 82 83 85 86 86 86 87 89 91 93 96 99 101 104 106 107 106 105 105 105 104 102 100 99 98 99 99 100 101 102 102 101 96 82 65 60 59 59 59 59 59 60 64 65 70 81 91 98 101 98 94
109 104 98 91 86 82 80 78 77 77 77 77 77 77 77 77 77 77 77 77 77 77 77 77 78 79 79 80 81 82 83 84 85 86 87 88 88 88 88 88 87 87 87 85 82 82 85 85 86 86 86 87 88 89 91 94 98 101 103 105 106 104 105 106 106 105 103 100 99 98 98 99 98 99 101 102 101 98 88 69 61 59 59 59 59 59 59 61 62 68 78 89 96 101 100 96
114 108 102 95 89 85 83 80 77 77 77 77 77 77 77 77 77 77 77 77 77 77 77 77 77 77 77 78 79 80 80 81 82 83 84 85 85 86 85 85 86 86 86 84 82 83 85 86 85 85 86 86 87 88 90 92 96 99 102 104 104 103 105 106 106 105 103 101 99 98 99 99 99 99 101 103 102 100 93 77 64 59 59 59 59 59 59 59 60 66 77 87 95 100 101 98
118 114 107 100 94 89 86 83 79 77 77 77 77 77 77 77 77 77 77 77 77 77 77 77 77 77 77 77 77 77 77 78 79 81 82 82 83 83 83 82 84 85 84 83 81 82 84 85 85 85 86 86 85 86 89 90 93 98 101 103 104 103 105 106 105 105 103 101 99 98 98 100 100 100 102 104 103 101 98 85 71 62 59 59 59 59 59 59 59 65 77 88 95 99 100 99
123 118 112 105 100 94 89 85 81 78 77 77 77 77 77 77 77 77 77 77 77 77 77 77 77 77 77 77 77 77 77 77 78 80 80 80 80 81 81 80 83 84 83 82 82 83 84 85 85 85 85 85 84 85 87 89 90 94 98 101 103 104 105 105 106 106 105 102 100 98 98 99 99 100 102 103 104 103 100 92 79 66 60 59 59 59 59 59 58 64 78 90 95 99 99 99
129 123 117 111 105 98 93 89 85 81 78 77 77 77 77 77 77 77 77 77 77 77 77 77 77 77 77 77 77 77 77 77 77 78 78 78 79 79 79 80 81 82 82 82 82 83 84 85 85 85 85 85 84 84 85 86 89 92 96 99 101 103 104 106 107 107 106 104 101 99 97 97 98 98 99 102 104 104 101 96 87 73 63 59 59 59 59 59 58 63 79 92 96 97 98 98
136 130 124 117 111 104 98 94 90 86 82 78 77 77 77 77 77 77 77 77 77 77 77 77 77 77 77 77 77 77 77 77 77 77 77 77 77 78 78 79 80 81 81 81 82 84 83 84 84 85 85 85 85 85 84 85 90 94 96 98 101 103 104 105 107 107 106 105 103 100 98 97 96 96 97 100 104 105 102 99 93 81 68 60 59 59 59 59 58 63 79 92 95 95 98 100
144 137 131 125 118 110 103 98 94 89 85 81 78 77 77 77 77 77 77 77 77 77 77 77 77 77 77 77 77 77 77 77 77 77 77 77 77 77 77 77 78 79 78 80 82 83 83 83 83 84 85 85 84 84 85 87 89 93 94 96 99 103 104 106 108 108 107 106 104 101 99 99 97 96 97 99 102 105 104 101 96 87 75 64 60 59 59 59 58 62 78 92 95 96 99 101
150 144 138 132 126 119 111 105 99 94 89 85 81 77 77 77 77 77 77 77 77 77 77 77 77 77 77 77 77 77 77 77 77 77 77 77 77 77 77 77 77 77 77 79 80 81 82 83 82 83 84 84 85 85 84 86 87 90 92 95 98 102 104 106 107 107 107 106 105 102 100 100 98 96 97 98 100 103 104 103 100 94 85 74 64 60 59 59 59 64 79 91 92 95 98 99
154 149 143 137 132 126 120 113 106 99 94 89 84 81 78 77 77 77 77 77 77 77 77 77 77 77 77 77 77 77 77 77 77 77 77 77 77 77 77 77 77 77 77 78 79 80 81 81 81 82 83 84 84 84 84 84 87 88 90 93 98 101 103 105 107 108 108 107 106 103 101 100 99 97 97 98 99 102 103 103 102 99 93 85 74 63 59 59 59 66 81 92 92 92 95 99
158 153 149 144 139 134 128 121 113 106 100 95 90 86 83 81 78 77 77 77 77 77 77 77 77 77 77 77 77 77 77 77 77 77 77 77 77 77 77 77 77 77 77 78 79 80 80 81 81 82 82 82 83 84 85 82 85 87 89 91 95 99 101 104 107 108 108 108 107 105 102 101 100 98 96 96 98 100 102 102 103 101 97 90 79 67 61 59 59 65 80 90 92 91 93 97
162 158 154 149 145 139 134 128 121 115 109 103 97 92 88 85 82 79 77 77 77 77 77 77 77 77 77 77 77 77 77 77 77 77 77 77 77 77 77 77 77 77 77 78 79 80 80 81 81 81 81 82 82 83 84 82 84 86 87 89 92 96 98 102 106 108 108 108 108 107 104 102 101 99 97 95 96 99 101 101 102 101 98 92 83 72 65 60 59 64 78 88 91 91 92 95
167 163 160 155 150 144 139 135 130 126 120 114 106 100 94 90 85 82 79 78 77 77 77 77 77 77 77 77 77 77 77 77 77 77 77 77 77 77 77 77 77 77 77 77 78 79 79 80 80 80 81 82 82 83 83 83 83 85 86 87 90 93 96 100 104 107 108 109 109 108 106 104 101 99 97 95 95 99 100 100 101 100 99 94 87 79 73 67 63 67 78 87 90 91 91 94
173 169 165 160 154 149 144 142 138 135 130 123 115 109 102 96 90 87 83 80 78 77 77 77 77 77 77 77 77 77 77 77 77 77 77 77 77 77 77 77 77 77 77 77 77 78 78 78 80 80 80 81 82 83 82 83 83 85 86 87 88 91 95 99 102 105 108 109 109 109 108 105 101 98 97 95 95 97 99 100 100 100 98 95 91 86 82 78 72 71 77 84 89 91 91 93
179 174 169 165 160 156 151 149 146 143 138 132 126 121 113 107 100 95 90 86 83 79 78 77 77 77 77 77 77 77 77 77 77 77 77 77 77 77 77 77 77 77 77 77 77 77 77 77 78 79 80 80 81 82 82 82 82 84 85 86 87 90 93 97 100 104 107 109 110 110 109 106 102 98 97 96 95 96 98 99 99 99 98 95 93 91 90 88 83 75 72 78 86 91 91 91
185 180 175 170 167 163 159 156 153 149 145 141 136 131 124 118 111 105 100 95 89 85 81 79 78 77 77 77 77 77 77 77 77 77 77 77 77 77 77 77 77 77 77 77 77 77 77 76 77 79 79 79 79 80 80 81 82 82 83 83 85 87 91 94 98 102 106 108 110 110 109 106 103 100 98 97 95 94 96 98 99 99 98 96 94 92 91 90 87 79 70 71 81 88 90 89
192 187 182 178 174 171 167 164 162 158 154 150 145 140 134 129 122 116 110 103 97 92 88 85 83 80 79 78 77 77 77 77 77 77 77 77 77 77 77 77 77 77 77 77 77 77 77 76 77 78 78 79 79 80 80 81 81 81 80 82 84 86 88 91 96 100 104 107 109 110 109 107 105 102 100 98 95 94 96 96 98 99 98 96 94 92 91 90 89 82 71 67 77 85 90 89
199 194 189 184 181 178 174 173 170 166 163 159 155 150 143 137 132 125 119 112 105 99 94 91 88 85 83 81 79 79 78 77 77 77 77 77 77 77 77 77 77 77 77 77 77 77 77 75 76 77 78 78 78 78 79 81 81 81 81 82 83 83 85 88 93 97 102 106 109 110 109 109 107 104 101 99 96 94 96 96 97 98 98 97 96 93 92 90 88 84 77 71 71 82 88 87
206 201 196 191 189 186 184 184 182 178 174 170 166 161 153 147 140 133 127 120 114 108 103 98 95 91 88 86 84 83 82 80 79 78 78 77 77 77 77 77 77 77 77 77 77 77 76 72 72 75 76 77 78 78 78 80 80 80 81 81 82 82 83 86 90 94 99 103 107 109 110 110 107 104 102 100 97 94 95 95 96 97 98 97 96 94 92 89 88 86 83 76 70 76 86 88
212 207 202 198 195 193 191 190 189 187 183 179 175 169 162 155 148 141 134 128 122 116 111 106 102 98 94 92 89 87 86 84 83 82 80 79 78 78 77 77 77 77 77 77 77 76 75 73 71 72 74 76 77 78 78 80 80 80 80 81 81 82 83 85 88 91 95 100 106 108 109 109 107 105 103 101 98 95 95 95 95 97 98 98 96 94 92 88 87 87 85 79 72 68 82 88
216 212 208 204 202 200 197 195 196 194 190 186 181 176 169 162 156 149 142 136 130 124 118 113 109 105 101 96 93 91 90 89 87 86 85 83 82 81 80 79 77 77 77 77 77 77 76 76 74 72 72 74 75 78 79 79 80 80 80 80 81 82 83 84 86 89 92 98 103 107 108 108 108 107 105 102 99 95 94 95 95 97 99 99 97 95 92 90 89 88 86 82 75 66 75 83
220 217 213 210 208 207 203 201 202 200 196 192 187 182 176 169 162 156 149 143 138 131 125 120 116 112 106 101 97 95 94 93 92 91 89 88 87 86 84 81 79 78 77 77 77 78 78 78 78 76 74 72 73 75 77 79 79 79 79 80 80 81 81 83 85 87 90 95 100 105 107 108 109 109 107 104 100 96 94 94 96 98 99 100 98 96 93 92 91 90 87 84 78 70 67 77
222 220 218 215 213 211 209 206 207 205 200 196 191 186 181 173 167 162 155 149 143 137 132 125 121 116 111 106 102 100 99 98 97 95 94 94 92 90 87 84 81 80 79 78 78 79 80 80 79 79 78 75 73 73 75 78 79 78 78 78 79 80 80 82 84 85 88 92 98 102 106 108 108 109 109 106 102 98 94 94 95 96 98 99 98 96 94 92 91 90 88 85 79 73 65 73
224 223 221 219 216 214 213 210 209 208 205 199 194 188 182 176 170 166 161 155 149 143 138 132 126 121 116 112 109 106 103 102 101 100 99 98 96 94 91 87 84 83 82 81 81 82 81 80 79 79 78 78 77 75 73 74 76 77 78 78 79 79 79 81 82 83 85 89 95 99 104 107 107 108 108 106 103 99 94 93 93 95 97 98 98 97 95 92 91 89 89 86 79 71 67 66
225 224 223 221 219 217 214 211 210 209 206 201 194 189 184 178 172 168 163 158 152 147 143 137 132 127 121 116 113 111 107 106 104 103 102 100 98 97 95 91 88 86 86 85 85 84 83 81 80 79 78 79 79 78 75 73 74 76 77 78 78 78 77 79 81 82 84 87 91 96 102 105 106 107 107 106 103 100 96 94 93 93 95 97 99 98 96 92 90 89 90 88 80 71 67 66
227 225 223 222 219 216 213 211 210 208 206 201 195 189 184 179 173 168 164 159 156 152 147 141 136 132 127 120 115 113 111 108 106 104 103 102 101 100 97 94 91 90 90 89 88 87 87 85 83 80 79 79 78 77 77 75 73 74 76 77 77 77 78 79 80 81 83 86 89 93 100 104 105 107 107 106 105 102 98 95 94 94 96 98 99 98 97 92 90 89 89 88 85 79 71 70
228 225 223 221 218 215 212 210 210 207 205 201 195 189 184 179 174 170 164 160 157 154 149 144 138 133 129 123 118 113 112 109 107 106 104 103 103 102 100 96 94 93 93 92 91 90 90 88 86 83 81 79 78 77 77 76 74 73 75 76 77 77 77 78 79 80 83 86 88 91 97 102 104 106 106 106 105 103 100 97 94 93 94 97 98 98 97 93 92 90 89 88 86 84 77 74
230 225 222 220 218 215 213 211 210 208 204 200 194 189 185 181 176 172 167 163 160 155 151 147 140 135 131 126 120 115 112 110 108 107 106 105 104 104 102 99 97 96 96 96 93 92 92 91 89 86 84 81 79 78 77 77 76 74 73 74 76 77 77 78 78 79 82 85 88 90 95 99 102 104 106 106 105 104 103 99 95 92 93 95 96 97 96 94 93 91 89 88 87 86 84 79
231 226 222 219 217 216 215 213 211 208 204 200 194 190 185 181 177 173 169 166 162 157 152 148 143 138 132 126 121 117 114 111 109 108 108 107 106 106 104 103 100 99 99 98 96 95 94 93 91 89 86 83 81 79 77 77 77 75 73 73 75 76 77 77 78 78 80 84 87 88 92 96 100 103 106 106 106 106 104 100 96 93 92 94 95 95 95 95 93 91 89 88 87 86 86 83
231 228 222 218 216 216 216 213 210 207 203 200 196 191 187 181 177 174 170 166 162 158 154 150 145 140 133 127 123 120 116 112 110 109 109 108 108 107 106 105 103 102 101 100 98 97 96 95 93 92 89 86 84 81 78 77 76 76 74 73 73 76 78 78 78 78 79 82 85 86 89 93 98 102 105 107 107 107 105 102 99 94 92 92 94 94 93 95 94 91 89 88 86 84 84 84
231 229 223 217 215 214 213 211 209 206 203 201 197 193 188 184 179 175 171 166 162 159 155 152 147 142 136 128 124 121 117 114 112 110 109 109 109 107 106 106 105 103 103 102 101 100 99 97 96 96 94 90 87 84 81 78 76 75 75 74 73 75 78 78 78 78 78 79 82 84 86 90 95 99 103 106 107 106 106 104 101 96 93 91 91 92 93 94 94 92 88 86 85 83 82 83
231 231 225 218 214 212 210 209 207 205 202 199 196 193 190 187 183 178 172 166 162 159 156 152 148 142 137 131 127 123 118 115 113 111 110 109 108 108 107 106 105 105 104 104 104 103 101 99 99 99 97 94 90 88 85 80 76 75 76 76 74 73 75 77 78 78 78 78 80 81 84 88 92 95 99 103 105 106 107 106 103 99 95 92 90 91 93 93 94 91 87 85 85 83 83 81
