data/n_houston/dem3.asc
ncols         340
nrows         328
xllcorner     934454.97368769
yllcorner     4261885.9547522
cellsize      3
NODATA_value  -9999
[rows 141 to 187 of 328, columns 96 to 191 of 340]
98 95 93 92 91 91 91 92 93 94 94 94 96 97 98 98 99 100 101 102 103 104 103 102 101 102 103 104 105 105 106 107 107 108 109 111 112 111 111 112 111 111 111 107 100 91 82 73 63 54 47 44 43 43 44 45 47 46 51 67 79 77 77 81 80 80 82 85 82 66 44 26 17 14 13 13 16 35 71 93 100 96 88 84 87 89 91 92 92 89 81 67 56 56 65 76
97 94 93 92 92 91 91 92 93 93 93 94 95 95 97 97 98 98 98 100 102 104 103 101 101 101 102 103 103 104 105 106 107 107 108 110 110 110 111 112 112 112 112 110 107 103 98 93 86 79 71 64 57 56 59 63 64 60 58 64 74 73 72 76 78 79 81 84 84 75 58 40 27 17 13 13 14 23 55 85 99 95 88 87 87 87 87 89 91 91 85 72 59 56 61 70
96 94 93 92 92 91 91 92 92 91 93 94 95 94 95 96 98 97 97 99 101 102 102 101 100 101 101 101 102 104 104 105 106 106 106 107 108 109 110 111 111 112 112 111 109 108 105 102 98 92 85 78 73 74 74 75 74 72 67 64 68 70 71 71 72 74 76 80 83 80 70 54 38 22 13 13 13 16 42 75 94 92 86 87 88 88 86 87 88 90 88 79 66 58 57 61
95 94 93 93 92 91 90 90 91 91 92 94 94 94 95 96 97 97 97 99 101 101 101 100 100 100 101 102 102 103 102 103 105 105 105 105 106 108 109 109 110 111 111 111 111 111 110 107 103 99 92 86 83 82 78 78 78 78 73 68 70 75 74 71 69 68 70 72 76 80 78 66 49 30 16 12 13 12 29 63 87 88 84 85 86 87 86 86 87 88 89 83 73 65 62 61
94 94 93 93 92 90 89 89 90 91 91 92 93 95 95 95 96 97 98 99 101 101 101 101 100 100 101 102 102 101 101 102 103 104 103 104 105 107 108 108 109 109 110 110 111 112 112 110 107 104 98 92 87 83 78 75 77 78 74 71 74 79 79 76 70 66 64 65 69 76 79 72 57 38 22 13 13 12 21 55 80 86 84 85 86 86 86 86 87 87 87 84 78 74 71 70
95 93 93 92 91 90 88 88 89 90 90 91 92 94 94 94 95 96 98 99 100 100 100 101 100 100 100 100 100 99 99 101 102 102 103 104 105 106 107 108 108 108 108 109 111 113 113 113 111 109 105 100 93 86 79 73 73 74 72 72 76 79 81 79 73 66 62 61 63 68 73 72 63 47 29 16 12 12 18 48 75 85 86 87 87 88 88 88 87 86 85 83 81 81 80 80
95 93 93 92 91 90 89 89 90 90 90 90 90 92 94 93 94 96 97 98 98 99 100 100 99 99 98 98 98 98 98 99 100 102 103 104 105 105 106 107 107 107 108 109 110 112 113 113 113 112 109 106 99 92 84 75 70 69 70 73 76 77 80 80 75 69 65 62 61 60 63 67 66 52 34 19 12 12 16 41 70 85 89 89 89 90 90 89 87 86 85 85 84 85 85 85
95 93 93 92 91 90 90 90 90 90 90 91 91 91 94 93 94 94 95 96 97 98 98 97 96 97 98 100 100 99 99 100 100 101 102 103 104 104 105 105 105 106 108 109 110 111 112 112 112 112 111 108 105 100 91 81 71 66 68 74 77 76 77 78 77 75 70 65 63 58 54 61 64 53 34 19 12 13 15 36 67 86 91 90 90 92 92 92 90 88 87 88 88 87 87 88
96 94 92 91 91 91 90 90 90 90 90 90 90 90 92 92 93 93 94 94 95 97 97 96 95 96 98 100 101 101 100 101 99 100 101 102 102 103 103 103 104 105 106 108 110 110 110 110 111 112 112 111 109 106 100 91 78 67 64 70 75 74 77 80 80 77 72 67 63 57 50 56 61 51 32 15 13 13 15 37 68 87 91 91 91 92 93 93 93 91 90 89 89 87 86 87
99 96 93 92 91 90 89 89 89 90 90 90 90 90 91 91 92 92 92 92 93 95 96 96 97 98 99 99 100 101 100 100 99 99 100 101 100 101 101 102 103 104 105 107 109 110 110 111 111 112 114 114 113 110 106 99 86 71 59 59 66 71 77 79 76 74 72 70 67 62 54 52 56 45 25 12 13 13 17 45 75 90 93 94 94 94 95 95 95 93 91 89 89 87 85 86
100 97 94 92 91 90 89 89 89 89 90 90 90 89 90 90 91 91 91 92 93 94 95 96 96 97 98 98 99 100 100 100 99 99 99 100 99 99 101 102 103 103 104 106 108 109 110 111 111 111 113 114 114 112 109 103 93 80 65 57 57 64 72 74 73 73 75 75 72 68 60 52 50 36 18 12 13 13 23 54 82 93 96 97 95 91 92 95 96 94 91 91 90 88 87 87
103 99 96 94 92 90 89 89 89 89 88 88 88 89 89 90 90 90 90 90 92 93 94 94 95 96 97 97 98 98 99 99 99 98 99 99 98 99 100 101 102 103 104 105 107 108 109 111 111 111 111 112 114 113 111 106 99 89 74 60 52 54 62 67 71 76 79 79 76 73 63 51 44 29 15 12 13 13 29 61 86 94 93 88 79 73 78 87 93 94 92 92 91 89 89 87
105 101 97 95 93 91 90 90 89 88 87 87 87 89 89 89 90 90 90 90 91 92 92 94 95 95 96 97 97 97 97 98 98 97 97 97 97 98 99 100 101 102 103 104 105 107 108 109 110 111 111 112 113 114 112 109 105 97 83 67 54 47 52 60 67 76 81 81 80 76 64 52 40 25 14 12 13 13 32 63 84 89 82 67 52 50 54 65 79 89 93 93 93 92 91 88
108 103 99 97 95 93 91 90 89 88 87 87 87 88 89 89 89 90 90 89 90 91 92 93 94 95 95 96 97 96 96 97 97 96 96 96 96 97 98 98 99 100 101 102 103 105 106 107 108 109 110 111 112 114 112 112 109 103 92 78 62 47 45 51 61 72 79 83 83 78 66 51 35 20 12 13 13 13 37 65 80 78 64 45 31 32 36 44 60 79 90 92 93 93 92 90
110 106 103 100 97 95 93 91 90 88 88 87 86 88 89 89 89 89 88 88 89 90 91 92 92 93 94 95 96 95 95 96 95 95 94 95 96 96 97 97 98 99 100 100 101 102 104 105 106 108 109 110 112 113 112 112 111 107 99 88 73 54 44 45 54 66 77 84 86 81 67 47 28 15 12 13 13 17 46 70 77 68 51 35 28 30 36 39 49 66 80 86 91 92 91 91
114 110 107 104 100 96 94 92 91 89 88 87 87 88 88 89 89 89 88 88 89 89 90 90 91 91 92 93 94 95 95 94 94 94 94 95 95 96 96 96 97 98 98 99 99 101 102 103 105 107 107 108 110 112 112 112 112 111 105 95 84 65 47 40 45 58 72 82 86 84 68 41 19 11 12 13 18 31 59 77 80 67 47 36 38 42 48 46 46 52 63 75 85 89 91 91
119 115 111 107 102 99 96 93 91 90 88 88 88 88 88 88 88 88 88 87 87 87 87 88 89 89 88 90 91 93 94 93 92 92 93 94 95 95 95 96 96 96 97 97 99 100 100 102 104 106 105 105 107 110 111 113 114 113 109 102 94 78 56 40 39 50 66 80 85 85 71 40 17 11 12 13 23 46 69 81 82 69 49 43 58 70 72 65 52 41 45 62 75 83 86 89
123 119 115 111 106 103 100 95 93 91 90 89 89 88 88 87 87 87 87 88 88 88 87 87 89 88 87 88 90 92 92 92 92 92 92 92 93 94 94 94 94 94 95 97 98 99 99 101 103 105 105 104 104 107 110 111 113 113 110 106 99 87 66 46 39 45 60 78 85 84 71 38 16 11 12 13 21 45 67 79 78 64 47 50 74 89 90 84 71 53 43 46 57 71 76 83
127 124 120 116 111 107 105 99 96 94 92 91 90 89 88 87 87 87 87 87 87 88 85 84 87 88 88 88 89 90 90 90 91 92 92 93 92 93 94 93 93 94 95 96 97 98 98 100 101 103 104 103 103 104 106 109 111 113 113 110 104 92 70 48 38 40 54 75 87 86 74 43 18 11 13 13 16 32 56 67 63 50 44 58 84 97 97 94 88 77 63 48 42 47 57 67
131 128 124 121 116 113 110 103 99 96 94 93 91 90 89 88 87 87 86 86 86 86 86 85 86 87 87 88 89 89 89 89 90 91 92 93 92 93 94 93 92 93 93 94 96 96 97 98 99 101 103 103 102 102 104 107 108 110 112 112 108 99 81 58 42 37 48 69 87 90 84 52 21 10 13 13 13 19 38 48 48 45 51 66 87 97 99 97 94 91 83 68 53 45 43 45
135 131 128 125 122 118 114 108 103 99 97 96 94 91 90 88 87 86 86 86 86 86 86 85 85 85 86 87 88 88 88 88 89 90 91 91 91 92 92 91 91 91 92 93 94 95 95 96 98 100 102 102 101 100 102 104 106 107 110 111 110 105 92 68 45 36 43 61 82 91 90 58 25 11 12 13 12 13 22 29 37 48 61 73 86 96 98 97 97 97 95 86 75 65 56 49
138 135 131 128 125 121 118 113 109 105 102 99 96 93 91 89 87 86 86 86 86 86 85 83 84 85 86 86 87 87 87 87 88 89 89 90 90 90 91 90 89 90 92 93 93 93 93 95 96 99 101 101 100 99 100 103 104 105 107 109 110 108 99 75 49 36 40 53 74 89 91 66 37 19 14 12 13 12 14 18 29 43 59 73 85 93 98 98 98 98 96 90 85 83 80 73
141 138 134 130 127 123 121 118 115 111 107 103 100 97 94 92 90 88 87 86 86 85 85 83 84 86 86 86 85 86 86 86 87 88 88 88 89 89 90 89 89 90 91 92 92 92 92 94 96 98 99 99 98 98 100 102 102 103 105 107 108 108 103 84 60 42 37 46 66 87 91 81 61 36 19 12 12 13 12 13 18 25 38 57 76 89 96 97 96 96 94 90 87 88 92 91
144 141 136 133 130 127 125 123 120 117 113 108 104 101 98 95 93 91 89 88 87 87 86 85 85 86 86 85 85 85 85 85 86 87 87 88 88 88 89 89 89 90 90 91 92 91 92 94 96 97 98 96 96 98 100 101 101 102 104 106 107 107 105 95 75 52 39 42 60 84 88 90 80 56 31 15 12 12 12 13 13 14 19 31 51 79 92 95 95 93 92 90 88 91 94 95
146 143 140 138 135 132 130 127 124 122 118 114 111 108 105 102 99 96 94 92 91 89 88 87 87 86 86 85 85 85 85 85 86 86 86 86 86 87 88 88 88 88 88 89 91 92 92 94 95 96 97 96 96 97 99 100 101 102 103 105 107 106 105 102 88 63 42 38 51 76 85 90 88 73 51 30 19 15 12 12 12 12 12 15 26 57 84 93 93 92 91 90 90 93 95 93
150 147 144 142 140 137 135 132 130 127 124 120 118 114 111 108 105 102 99 97 94 92 91 89 87 86 86 86 85 84 85 86 86 86 84 83 83 85 86 87 86 87 87 88 89 91 91 93 94 95 95 95 95 97 98 99 100 101 103 105 106 106 105 104 94 72 47 35 45 67 79 88 91 85 71 55 43 31 20 15 13 12 12 12 16 36 78 92 92 90 89 89 91 91 90 91
154 151 149 146 144 142 140 137 134 131 129 126 124 121 118 115 112 108 105 102 99 96 94 92 89 87 86 86 85 84 85 86 86 86 84 82 83 84 85 85 85 86 87 87 87 88 91 92 93 94 94 93 94 95 96 97 98 99 101 103 104 105 105 104 99 81 54 34 41 58 70 82 88 91 88 81 72 59 46 34 21 13 12 12 14 26 73 92 93 91 90 89 90 90 89 90
157 155 152 149 147 145 143 141 138 136 134 131 128 125 123 120 117 113 111 108 104 101 97 95 92 89 87 87 86 84 85 86 86 85 84 83 83 84 84 84 85 85 86 86 86 87 89 91 92 93 93 93 94 94 94 95 96 98 100 101 103 104 104 103 102 89 64 39 37 49 59 72 81 88 92 92 87 78 66 49 29 15 11 12 13 20 64 91 96 94 93 91 91 91 90 89
158 157 155 153 151 149 147 145 143 141 139 136 133 130 128 125 122 119 116 113 109 105 102 100 97 94 91 89 88 85 85 86 85 84 84 84 84 84 84 84 84 85 85 85 85 86 86 88 90 92 92 93 94 93 94 94 95 97 99 100 101 102 102 102 102 95 77 51 36 43 50 62 73 82 88 91 90 87 77 60 39 23 14 12 13 16 55 89 100 100 98 95 93 93 92 91
160 159 158 156 154 153 151 149 147 146 143 141 138 135 132 130 127 124 120 117 113 110 107 105 102 99 96 93 90 87 87 87 85 84 84 84 84 84 85 85 84 84 84 83 84 84 85 86 88 90 90 91 92 93 93 94 94 96 97 98 99 99 100 101 100 97 87 63 41 40 46 56 67 77 82 86 88 89 83 71 55 37 20 11 12 14 46 83 101 104 102 99 96 94 94 93
162 161 160 159 157 156 154 153 151 149 147 144 142 140 137 135 133 129 125 121 118 115 112 109 107 104 100 96 93 91 89 88 87 86 85 84 84 85 86 85 84 83 83 82 83 83 84 84 85 86 87 87 89 91 93 93 93 95 96 97 97 98 99 100 99 98 92 73 53 42 45 52 62 69 75 81 86 88 85 80 70 53 28 11 12 13 36 72 96 103 103 100 97 94 94 93
164 163 162 161 160 159 158 157 155 154 152 149 147 145 142 140 139 135 131 126 122 118 116 115 113 108 104 101 99 96 92 90 88 87 86 85 85 86 86 85 84 83 83 82 83 83 83 83 83 84 84 84 87 89 91 92 93 94 95 96 97 98 100 100 98 98 95 83 62 46 43 47 53 58 66 77 84 83 82 81 75 61 35 12 12 12 26 64 91 102 103 99 95 92 92 92
166 165 164 164 164 163 162 160 159 158 156 154 152 150 148 146 144 140 137 132 128 124 122 119 116 113 109 106 103 97 94 93 91 89 87 86 85 86 85 85 85 84 83 82 83 83 83 82 82 83 83 84 86 87 90 91 92 93 93 94 95 96 98 98 98 98 98 92 72 50 42 41 44 50 61 75 82 79 78 79 74 61 37 13 12 12 22 63 92 103 105 100 95 92 93 93
168 166 166 167 167 166 165 164 163 162 160 157 155 154 152 150 148 145 142 139 135 131 125 122 119 117 114 110 107 103 98 96 94 92 89 86 85 86 85 85 84 84 83 82 82 84 83 83 82 82 82 83 84 84 86 88 90 92 93 93 93 93 96 98 98 97 98 94 79 54 42 37 39 47 60 74 80 76 76 76 73 59 33 11 12 11 19 59 90 102 103 100 95 91 91 91
169 168 168 168 169 169 168 166 165 163 161 159 157 155 153 152 151 149 146 144 141 136 130 126 124 121 118 114 111 107 103 100 98 95 91 87 86 86 85 84 84 84 83 82 81 80 81 81 81 82 82 83 83 83 85 86 87 88 90 92 93 92 94 97 97 97 98 95 84 60 43 36 38 48 60 71 75 74 75 75 70 54 28 10 12 11 19 58 89 101 102 99 96 93 92 91
171 170 170 170 170 170 169 168 167 165 163 161 160 158 157 157 155 153 151 148 145 140 135 132 128 125 121 118 114 112 108 105 101 98 94 90 87 87 86 84 84 84 84 83 81 79 78 79 80 81 81 82 83 83 84 85 85 86 87 89 91 92 93 94 95 97 97 96 88 66 44 36 39 49 59 67 72 72 73 71 62 42 20 11 12 14 32 65 90 100 100 99 97 97 94 91
172 173 173 173 171 171 171 169 168 167 165 163 162 161 161 160 159 157 154 151 148 144 139 137 132 128 125 121 117 115 112 109 105 101 98 94 91 89 87 85 85 84 85 84 83 81 79 79 80 81 81 82 83 82 83 84 84 84 85 87 89 91 92 93 94 96 97 96 87 66 43 36 40 50 60 67 70 70 68 62 46 27 14 12 14 28 53 75 91 97 97 97 97 98 97 93
174 175 175 174 173 172 172 171 170 169 167 165 163 163 163 163 162 160 158 155 151 147 142 140 136 133 129 124 120 117 115 112 108 104 101 98 95 91 88 86 85 84 84 84 83 83 81 81 81 81 82 83 82 81 81 82 83 83 84 85 86 88 89 91 93 94 96 94 81 61 43 35 39 49 59 65 65 60 51 41 26 15 12 13 21 49 73 85 91 93 94 96 95 97 98 96
175 176 176 175 174 174 174 173 172 170 168 166 165 165 165 165 164 163 161 158 154 150 144 141 138 135 131 127 123 120 118 115 111 107 104 101 98 93 89 86 86 84 83 83 83 83 82 82 82 82 83 82 81 80 81 82 83 83 83 84 84 86 87 88 90 92 94 90 72 54 42 33 35 44 51 53 50 40 28 20 14 12 12 15 34 65 84 91 92 91 92 94 93 94 96 97
176 176 176 176 176 176 176 174 173 171 169 167 166 166 166 167 166 165 163 160 157 152 147 143 140 136 132 129 126 124 121 117 113 110 107 104 100 97 92 88 87 85 84 83 84 83 82 83 83 83 83 83 82 81 81 82 83 83 82 82 83 84 85 87 89 91 89 77 56 43 34 25 25 29 29 26 24 18 13 11 12 12 12 23 59 77 88 91 91 91 91 91 92 92 93 94
176 176 177 177 177 176 176 175 174 172 169 168 167 167 167 167 167 166 164 161 158 154 150 146 142 138 135 132 129 126 123 120 117 114 111 108 104 101 95 91 88 86 84 84 84 83 83 83 83 83 83 83 83 82 82 83 83 83 82 82 83 84 84 86 88 87 77 54 34 23 17 14 15 15 14 12 11 11 11 12 12 12 20 40 72 84 88 88 88 88 89 88 89 90 89 89
178 178 178 178 177 176 176 175 174 172 170 169 168 168 168 168 168 167 165 163 160 156 153 149 144 141 139 136 132 129 126 123 120 118 115 112 108 104 99 95 90 87 86 84 83 83 83 83 83 83 83 84 84 84 83 84 84 84 83 83 83 84 84 87 89 80 57 27 15 12 12 12 12 11 11 11 11 12 12 12 15 23 40 60 76 84 90 89 87 87 88 89 88 86 84 85
179 179 178 178 177 176 176 175 174 172 171 170 170 169 169 169 169 168 166 164 161 157 153 150 146 144 142 139 136 132 130 127 123 120 119 117 112 108 103 99 93 90 87 85 84 84 84 84 84 84 84 85 85 84 84 85 85 85 84 84 84 85 85 86 88 74 44 17 11 11 12 12 12 13 18 25 28 26 29 27 35 43 53 68 75 82 89 90 88 87 88 87 85 80 76 76
179 179 178 178 177 177 176 175 174 172 172 171 170 170 169 169 169 168 166 164 162 158 154 151 149 147 145 142 139 136 135 131 127 124 122 120 116 112 107 103 97 93 91 88 86 85 85 85 86 86 86 85 85 85 85 86 86 86 85 85 84 85 84 84 84 65 36 14 11 12 12 12 13 24 40 53 56 52 56 56 62 62 60 68 74 79 84 88 89 88 88 86 83 77 71 70
179 179 178 178 178 177 176 175 174 173 172 172 171 170 169 169 168 168 167 165 162 159 156 154 152 151 147 144 142 140 138 136 132 129 126 123 120 116 112 107 102 98 95 91 89 87 87 87 88 88 87 86 86 86 86 87 88 87 86 86 85 86 85 83 79 61 33 14 12 12 12 12 20 43 66 79 80 76 78 79 82 75 64 66 74 76 76 80 86 89 89 87 84 81 74 69
179 178 178 179 178 177 176 175 174 173 173 172 171 170 170 169 169 169 168 166 163 161 159 156 154 152 150 147 145 142 141 139 137 134 130 126 123 120 116 111 107 102 99 95 92 90 89 88 89 89 88 87 86 86 86 87 88 88 88 87 86 88 88 85 82 64 36 14 12 12 12 15 30 58 80 89 87 84 84 85 86 79 68 65 70 75 73 72 78 83 86 86 84 78 69 59
178 178 178 178 178 177 176 176 175 174 174 173 172 171 170 170 170 169 169 167 165 162 161 158 155 154 152 150 148 146 144 142 140 138 134 130 128 124 121 115 111 107 103 99 96 93 92 91 90 90 89 89 88 87 87 88 89 89 89 88 88 89 88 88 89 70 38 14 12 12 12 18 36 61 79 88 86 83 83 83 84 80 73 66 65 72 73 66 62 63 67 70 65 51 39 30
