data/n_houston/dem3.asc
ncols         340
nrows         328
xllcorner     934454.97368769
yllcorner     4261885.9547522
cellsize      3
NODATA_value  -9999
[rows 0 to 46 of 328, columns 192 to 287 of 340]
0 0 0 0 0 0 0 0 0 0 0 0 0 0 0 0 0 0 0 0 0 0 0 0 0 0 0 0 0 0 0 0 0 0 0 0 0 0 0 0 0 0 0 0 0 0 0 0 0 0 0 0 0 0 0 0 0 0 0 0 0 0 0 0 0 0 0 0 0 0 0 0 0 0 0 0 0 0 0 0 0 0 0 0 0 0 0 0 0 0 0 0 0 0 0 0
89 86 82 80 80 80 81 85 92 100 110 119 126 134 145 153 160 166 170 173 176 178 179 180 181 182 181 178 176 175 175 171 166 163 160 158 159 160 162 165 169 172 174 175 177 177 178 177 176 175 174 174 174 174 173 175 178 179 179 177 178 180 180 179 179 179 180 180 180 180 181 181 181 180 179 180 182 184 184 184 186 188 190 192 193 193 195 197 198 197 197 197 197 197 199 199
90 86 82 80 80 79 80 84 90 97 105 114 122 130 141 149 157 164 169 173 177 179 180 182 183 183 182 180 178 177 176 173 169 165 163 160 161 161 162 165 168 171 174 176 177 178 178 177 177 176 176 175 175 175 174 175 177 178 178 177 178 178 177 177 178 179 180 179 179 179 179 180 180 180 178 179 181 183 184 184 185 187 189 191 194 195 197 198 199 199 199 199 198 198 200 201
89 86 83 81 80 79 79 83 88 94 101 108 118 126 136 145 153 160 166 171 176 179 181 182 183 184 184 182 181 179 176 174 171 167 164 163 163 163 164 166 168 171 174 176 176 177 178 177 177 178 178 177 177 177 176 177 178 178 178 178 177 176 176 176 177 178 178 178 178 178 178 179 179 179 178 178 179 182 183 184 185 187 188 191 193 196 198 200 201 200 201 202 201 201 202 203
89 86 83 81 80 79 80 83 87 92 98 104 112 121 131 140 149 157 164 169 174 178 180 182 183 184 185 184 182 180 177 175 172 169 166 165 165 165 165 166 168 170 173 175 176 177 177 177 178 179 179 179 178 178 178 179 179 179 178 178 177 176 175 176 176 176 177 177 177 177 177 178 178 178 178 178 178 180 182 183 184 186 188 191 193 196 199 201 201 201 202 204 203 204 204 204
89 87 84 82 80 79 80 82 86 90 94 99 107 116 126 135 145 154 161 167 172 176 179 182 183 184 185 184 183 181 178 175 172 169 167 167 167 166 165 166 167 169 172 174 175 176 176 177 178 179 180 181 180 180 180 181 181 180 179 178 176 176 176 175 175 175 176 176 177 177 176 177 178 178 178 178 177 177 179 181 182 184 186 190 193 196 198 200 201 202 204 205 204 205 205 204
90 87 85 82 80 79 80 82 84 86 90 96 103 111 121 130 140 149 158 165 170 174 177 180 182 184 184 184 183 181 178 175 172 169 167 167 168 167 165 166 167 168 170 173 175 175 176 177 178 179 180 182 182 181 181 181 182 182 180 177 177 177 176 175 175 175 176 176 177 176 175 176 176 177 178 178 178 177 178 180 181 183 185 189 193 196 198 199 201 203 204 205 205 205 205 205
90 88 85 81 78 78 79 81 82 84 88 93 99 107 116 126 136 145 154 162 167 171 175 179 181 183 184 184 183 181 179 176 172 169 168 168 168 167 165 165 166 167 170 172 173 173 174 176 177 179 180 182 183 183 183 183 183 183 182 179 179 177 176 175 175 175 175 176 176 176 176 176 176 175 176 177 177 176 177 179 181 182 184 188 192 196 198 199 201 203 205 206 207 207 207 207
91 88 85 81 79 78 79 79 81 83 87 91 95 103 112 121 130 139 149 157 163 168 172 177 180 181 181 182 181 181 180 176 173 171 170 171 169 167 167 166 166 167 169 170 170 171 173 175 177 179 181 183 183 183 184 183 183 183 183 181 179 177 176 175 175 175 175 176 176 176 176 176 175 174 176 175 175 174 175 178 181 182 184 187 191 195 197 199 202 204 206 208 209 209 210 210
91 88 84 82 80 79 78 79 80 82 85 88 92 100 108 116 124 133 144 153 160 167 172 177 179 181 181 182 181 181 180 177 175 174 174 172 171 168 168 167 167 168 168 168 168 169 172 174 176 179 181 183 183 184 185 184 184 184 184 183 180 178 177 177 177 176 176 177 177 176 177 176 174 174 176 175 174 174 175 177 179 181 183 185 189 194 197 199 202 204 207 209 210 211 212 212
91 88 84 82 80 79 78 78 79 81 83 86 91 97 105 112 121 130 139 148 157 164 170 174 177 180 182 182 182 182 182 181 179 178 176 175 173 171 169 169 168 168 167 167 167 169 172 174 175 178 181 182 183 185 186 186 186 185 185 184 181 179 178 178 177 177 177 177 177 177 177 176 175 175 175 174 174 174 175 176 177 178 180 184 188 192 195 199 202 204 207 209 210 211 213 213
91 88 85 82 80 78 77 76 77 79 81 84 89 95 102 109 118 127 137 144 153 161 167 172 175 178 181 183 184 184 184 183 182 180 178 176 175 173 171 169 169 168 167 166 166 169 172 173 175 178 180 181 182 185 186 187 187 186 185 184 182 180 178 177 177 176 176 176 177 178 177 176 175 175 175 174 174 173 174 175 175 176 178 182 187 190 194 198 201 204 206 209 209 212 213 214
92 90 86 83 80 78 76 75 76 77 79 83 87 93 99 106 114 123 132 140 149 157 163 169 173 177 180 183 185 185 185 184 183 181 178 177 176 174 172 170 170 169 167 165 166 168 171 172 175 177 178 180 182 185 186 187 187 186 184 183 182 181 179 178 177 176 175 176 177 177 177 176 175 175 175 175 174 173 173 174 174 175 176 180 185 189 193 196 200 202 205 207 209 211 214 215
92 90 87 85 82 80 77 75 75 77 79 83 85 90 96 103 111 119 127 136 144 153 159 165 170 175 180 183 185 185 184 184 183 181 178 177 176 175 173 172 171 169 166 165 166 167 170 172 174 177 178 180 182 184 185 186 186 186 184 183 182 181 180 179 178 177 176 177 176 176 176 176 175 174 174 175 174 173 173 174 174 174 174 177 182 188 192 195 198 201 204 206 208 210 213 215
90 88 87 86 84 81 77 75 76 77 79 81 84 87 93 100 107 115 123 132 140 148 155 161 168 173 178 181 183 183 183 183 182 180 179 177 175 175 174 173 171 169 166 166 166 166 169 172 174 176 178 180 183 185 185 186 186 186 186 184 182 181 180 179 178 178 177 177 176 175 175 175 175 174 174 175 174 174 173 174 174 174 173 174 179 185 190 193 196 199 203 205 207 208 211 214
88 87 86 85 84 81 77 75 78 81 81 80 82 86 91 96 103 111 121 130 137 145 152 160 167 173 177 179 181 183 182 182 182 180 178 177 175 174 174 173 171 169 167 167 167 167 169 171 173 176 178 182 183 185 185 186 186 186 186 184 182 181 180 179 179 179 178 177 176 175 175 175 174 174 174 174 174 174 174 174 174 174 174 174 176 181 186 190 193 197 200 205 207 208 210 213
87 87 86 84 83 82 77 75 79 81 79 80 81 83 87 93 100 108 118 125 133 142 149 156 163 169 174 176 179 181 180 180 180 179 177 176 174 174 173 172 169 167 167 167 168 168 169 172 175 177 180 182 184 185 186 187 186 186 185 183 181 180 180 179 179 179 178 177 176 175 175 175 174 174 174 174 175 175 174 174 174 174 174 174 175 178 182 187 191 195 199 202 204 207 210 212
87 87 87 86 84 82 78 75 76 77 77 79 80 82 85 91 98 105 114 122 131 139 146 153 159 165 170 173 176 179 178 178 178 177 176 175 174 173 172 170 167 166 166 166 166 167 169 171 174 178 180 182 184 186 187 187 186 186 185 183 182 181 180 180 180 179 178 176 175 175 175 175 174 174 174 174 175 175 174 173 173 172 173 173 173 175 179 184 189 193 195 198 202 205 209 211
88 89 88 87 85 84 80 77 75 75 76 78 79 81 84 89 95 102 110 119 128 136 142 149 155 161 166 170 173 175 176 175 175 175 175 174 172 171 169 166 165 165 165 165 164 165 169 172 175 178 180 182 183 185 186 187 187 186 185 184 184 183 182 181 180 179 178 176 175 175 174 174 174 174 174 175 176 175 174 173 172 171 172 172 172 173 177 182 187 190 192 195 200 203 207 209
91 91 89 87 86 85 82 79 75 74 75 77 78 80 83 87 93 100 108 116 125 133 139 145 150 157 162 166 169 172 172 173 173 173 173 172 170 169 167 164 163 164 164 163 164 165 168 172 175 178 180 181 183 184 185 187 188 188 187 186 185 184 183 182 180 179 178 176 175 175 174 173 173 173 174 176 176 175 174 174 173 171 171 172 172 172 175 178 183 187 190 194 198 202 204 207
95 94 91 89 88 87 84 81 77 75 74 76 77 80 82 85 91 98 106 114 122 129 136 141 146 152 158 163 166 168 169 171 172 171 170 169 168 167 164 162 162 163 163 163 163 165 168 172 176 178 179 181 183 184 186 187 188 188 188 187 186 185 183 182 181 179 178 177 176 175 174 173 173 173 174 175 175 175 174 174 173 172 171 172 172 171 172 174 178 184 187 191 196 200 202 204
93 95 94 93 91 88 85 82 79 76 74 75 77 79 81 83 89 96 104 111 119 126 133 139 144 149 155 161 163 165 166 168 169 169 167 166 166 164 162 161 161 161 162 162 163 165 169 173 175 177 179 182 183 185 186 187 187 187 187 187 186 185 184 183 181 180 178 177 176 176 175 174 174 174 175 175 175 174 174 173 172 172 171 172 172 170 169 171 175 180 183 188 194 198 200 202
77 86 93 95 93 89 85 82 81 78 75 74 76 77 79 82 88 94 101 108 117 125 131 136 142 148 153 157 160 161 162 164 166 166 165 163 163 162 160 159 159 160 161 161 163 165 169 172 174 176 179 182 183 185 186 186 186 186 187 187 185 185 184 183 182 181 179 178 177 177 176 175 175 176 176 176 175 175 174 173 172 172 172 172 171 169 169 170 173 177 181 185 190 194 197 200
50 65 82 93 93 90 86 83 81 79 75 74 75 77 79 82 87 92 98 105 113 121 128 134 140 146 150 154 156 159 160 161 162 163 162 161 160 158 157 157 157 158 160 160 161 165 169 172 174 176 179 181 183 183 184 185 186 186 186 187 187 186 185 184 183 182 181 179 179 179 178 177 176 176 177 177 176 175 174 173 173 172 171 170 169 168 169 170 172 175 178 182 186 191 194 197
36 46 64 84 92 93 91 87 83 79 75 73 75 77 79 83 87 91 96 103 111 118 124 131 137 142 146 151 153 156 157 158 159 160 159 158 157 155 154 155 156 157 159 160 161 164 168 171 173 175 177 179 181 181 183 184 185 185 186 186 186 186 185 185 184 182 181 181 180 180 179 179 178 177 177 177 176 175 174 173 173 173 171 169 166 166 168 169 170 171 174 178 182 186 191 194
40 37 46 66 86 94 94 91 86 80 74 73 75 76 78 81 86 90 95 100 109 116 122 129 134 139 142 147 151 153 155 156 156 156 155 155 154 152 152 154 155 156 158 160 162 163 166 169 172 174 176 177 178 179 181 182 183 184 184 184 186 185 185 184 184 183 182 182 182 182 181 180 179 179 179 177 176 175 174 173 174 173 172 169 165 164 165 166 166 166 169 173 174 181 187 191
53 38 37 50 72 95 97 93 88 82 76 73 73 75 77 81 85 89 94 99 106 113 119 125 131 136 139 144 147 150 152 153 153 153 152 152 151 150 150 152 154 155 157 160 162 163 165 168 170 172 174 175 176 177 178 180 181 182 183 184 185 186 185 185 184 185 185 184 185 185 184 183 182 181 180 179 177 176 175 175 175 174 172 170 168 166 166 165 164 164 167 170 173 178 183 186
72 52 38 39 56 86 96 93 89 86 80 74 73 74 76 79 83 87 92 97 103 110 115 121 126 132 136 140 143 146 148 150 150 149 149 148 147 146 147 150 153 155 156 159 161 163 165 167 168 170 172 174 175 175 177 178 179 181 182 182 184 185 186 186 186 187 187 186 187 188 187 186 185 184 182 181 178 178 177 177 176 175 174 172 170 169 168 167 165 164 165 168 172 175 178 181
89 72 50 36 43 68 91 93 91 88 83 75 73 74 75 77 81 85 90 95 100 106 111 116 122 128 133 137 140 143 145 147 147 147 145 145 144 143 145 149 152 154 155 157 160 162 163 165 166 168 170 172 173 174 175 176 178 180 181 182 183 185 186 187 187 188 188 188 189 190 189 188 187 186 184 183 181 180 179 178 177 177 175 173 172 170 169 169 168 166 165 165 170 173 175 178
99 91 70 42 37 51 79 91 91 89 85 77 72 74 76 77 79 83 89 94 98 104 108 113 120 125 128 133 136 138 140 143 144 143 141 141 141 141 143 147 151 153 154 155 158 159 161 162 164 166 168 169 170 171 172 173 175 178 180 181 182 184 185 187 187 188 189 190 191 191 191 190 189 187 186 185 184 183 182 180 179 178 177 175 174 172 170 170 170 168 165 164 167 170 173 175
100 98 86 59 38 39 57 79 89 90 86 78 72 73 76 77 78 82 88 93 96 102 108 113 118 122 125 129 132 134 137 139 140 139 138 138 138 139 141 145 149 151 152 152 155 156 158 160 161 163 165 166 167 168 170 171 173 176 179 180 181 182 184 186 187 188 190 191 192 192 191 191 190 190 189 187 186 185 185 183 181 179 178 176 176 174 173 171 169 168 166 163 165 168 170 172
98 98 95 80 50 36 39 57 79 88 86 80 74 73 75 77 79 82 87 92 95 100 106 111 115 118 122 126 129 132 134 136 135 135 136 135 135 136 139 142 146 149 150 151 152 153 155 157 158 160 161 163 164 165 168 169 171 173 176 177 179 181 183 185 186 187 190 191 192 192 192 192 192 192 191 189 188 187 186 185 183 180 179 178 176 176 175 173 170 168 167 165 164 166 169 171
99 98 97 90 69 38 35 43 65 83 87 82 76 73 74 77 79 82 86 90 93 97 103 108 111 115 120 125 126 128 131 132 132 132 133 133 132 135 138 140 144 146 148 150 150 152 153 154 155 156 158 158 159 162 165 166 168 171 174 175 176 179 182 183 184 186 189 190 191 192 192 193 193 193 192 191 189 188 188 187 184 182 181 180 178 176 175 174 172 170 168 165 163 164 165 167
101 100 98 94 82 48 35 35 52 75 88 83 77 73 74 78 81 83 85 88 91 95 102 106 108 112 117 121 123 125 127 129 129 130 130 131 131 134 136 138 141 143 146 149 148 151 152 152 152 153 154 155 156 158 160 163 166 169 171 173 175 176 178 181 183 185 188 189 190 191 192 192 193 194 193 192 190 190 189 189 187 184 183 182 181 179 176 174 173 172 169 166 164 164 163 164
102 102 100 96 90 65 38 33 44 68 87 85 78 74 74 78 82 84 86 87 90 94 99 103 105 108 113 117 119 122 124 126 127 127 128 129 131 133 135 137 138 140 143 146 146 148 149 149 149 149 150 152 153 154 156 159 163 166 168 171 172 173 175 178 181 184 187 188 190 191 192 193 194 194 193 192 191 191 191 190 189 187 185 183 182 180 178 176 174 173 170 168 166 165 163 163
101 101 99 96 93 80 44 33 40 61 85 85 79 74 73 77 82 84 86 88 90 93 96 100 102 105 109 113 116 119 121 123 124 124 125 127 130 131 134 135 136 137 140 143 144 145 146 147 147 147 147 148 150 151 152 156 159 162 165 168 170 171 172 176 180 183 185 187 189 190 192 193 195 195 194 193 193 192 192 192 190 188 187 185 184 182 181 177 174 173 172 170 168 166 164 163
97 97 96 95 94 90 55 36 38 58 83 86 81 75 72 76 80 83 85 88 89 91 93 96 99 102 106 110 113 116 118 120 121 121 122 124 128 130 132 133 134 135 137 140 141 140 141 143 144 145 145 145 147 148 149 152 156 159 162 165 166 168 171 175 179 182 184 186 188 189 191 193 194 195 195 195 194 193 194 193 192 190 189 188 186 184 182 180 176 175 174 172 170 168 165 163
93 93 93 94 94 95 68 42 36 56 82 86 83 76 72 75 79 81 84 86 88 90 92 94 96 99 104 107 111 113 115 117 118 119 120 123 126 129 131 131 132 133 134 137 138 137 138 140 141 142 142 143 144 146 147 151 154 156 159 161 163 165 169 173 177 181 183 186 187 189 191 192 193 194 194 195 195 195 195 195 194 192 191 189 188 185 184 182 180 177 174 173 172 169 166 164
91 90 90 92 93 95 77 46 36 54 78 84 82 78 73 74 78 81 83 86 88 90 91 93 95 98 102 105 108 111 113 115 116 118 120 122 125 127 128 129 131 131 131 133 134 135 135 137 138 139 140 141 142 143 145 148 151 153 154 156 158 161 165 169 174 177 181 184 186 188 190 191 192 192 193 194 194 195 195 195 194 192 192 189 188 187 185 184 182 180 177 175 174 171 167 165
90 89 88 90 93 94 80 48 41 59 76 78 74 72 69 71 76 80 82 84 86 89 90 93 95 97 100 103 107 111 114 114 116 119 121 122 124 126 127 128 128 129 130 130 130 132 132 135 137 137 137 138 140 141 142 145 147 149 150 153 156 158 160 164 169 174 178 182 185 186 187 189 190 192 193 193 193 194 194 193 192 192 192 191 189 188 186 185 184 183 180 177 175 172 169 167
89 88 88 90 91 93 85 52 38 46 54 62 73 74 72 71 73 77 80 82 83 86 87 91 93 96 98 102 106 112 115 116 116 119 121 123 124 126 127 127 127 128 129 130 130 131 131 132 134 135 136 138 138 138 140 143 145 145 147 151 152 154 156 160 166 171 174 178 181 182 184 187 189 190 192 192 193 192 192 193 192 192 193 192 189 188 187 186 187 186 181 176 173 170 169 171
88 87 87 90 91 93 85 54 36 36 42 59 78 76 74 72 73 76 79 80 81 84 86 89 92 95 97 99 104 110 114 116 117 119 122 124 125 126 127 128 128 127 127 130 132 132 131 132 133 133 135 137 138 137 139 141 142 143 145 147 150 151 154 157 162 166 171 175 178 180 183 185 187 189 190 191 192 192 193 194 193 192 192 191 190 189 188 187 187 186 181 176 173 170 169 169
87 86 86 89 91 94 87 56 35 33 42 65 82 78 76 74 73 74 77 81 81 83 86 88 90 93 95 97 101 107 112 116 118 120 122 124 126 127 128 128 128 127 127 130 133 133 133 133 132 133 133 135 136 136 137 138 140 142 144 145 147 149 151 155 159 164 167 171 175 177 180 183 185 187 188 189 190 192 193 194 194 192 192 192 190 190 188 187 186 184 181 178 175 173 170 168
86 84 85 87 90 94 90 61 38 33 46 71 83 80 78 76 74 74 77 81 82 84 86 87 88 91 94 96 99 104 110 115 118 120 122 123 126 127 128 128 128 127 127 130 132 132 133 133 132 132 132 133 135 136 136 137 138 140 142 143 144 147 149 153 157 161 164 167 171 174 176 179 182 185 187 187 189 191 192 193 193 193 194 192 191 189 188 186 185 184 182 180 178 175 173 170
84 83 84 85 88 91 92 65 40 36 52 76 83 81 79 78 78 77 78 82 84 84 86 86 87 89 92 95 98 103 108 113 117 121 123 123 126 127 127 127 128 128 128 128 130 130 131 131 131 131 131 132 133 134 134 135 136 137 139 141 141 145 148 152 155 157 159 163 167 169 172 176 179 182 184 185 186 189 190 190 191 192 194 191 190 188 187 187 185 183 181 180 179 177 175 172
84 83 83 83 86 88 89 64 40 41 63 82 83 82 80 80 80 80 81 84 85 85 86 87 87 88 90 94 98 104 109 112 117 120 123 124 127 128 127 128 129 128 129 129 129 129 129 129 129 129 130 132 133 133 132 133 134 135 137 138 139 142 146 149 152 153 155 159 162 165 168 172 175 178 180 182 183 186 187 188 189 189 190 189 188 186 186 187 184 181 180 180 179 177 176 173
83 83 82 82 85 87 83 59 40 48 73 83 82 81 79 80 81 82 83 85 85 86 87 87 87 88 90 94 98 104 109 112 115 119 123 125 128 129 129 130 129 128 130 130 130 129 127 126 127 127 129 131 132 132 132 131 132 133 135 135 136 138 141 144 146 148 151 155 159 161 163 167 170 173 175 178 181 183 185 185 186 187 187 187 187 186 186 186 183 181 180 180 176 175 175 172
